1.255018554687500000e+03
1.254968750000000000e+03
1.255013061523437500e+03
1.254869262695312500e+03
1.254920654296875000e+03
1.254929565429687500e+03
1.255077392578125000e+03
1.254950561523437500e+03
1.254898681640625000e+03
1.254974365234375000e+03
1.254950805664062500e+03
1.254852661132812500e+03
1.254881103515625000e+03
1.255077270507812500e+03
1.255052246093750000e+03
1.255355346679687500e+03
1.255142700195312500e+03
1.255246459960937500e+03
1.255365966796875000e+03
1.255179565429687500e+03
1.255271728515625000e+03
1.255135375976562500e+03
1.255159179687500000e+03
1.255328369140625000e+03
1.255312988281250000e+03
1.255191284179687500e+03
1.255360107421875000e+03
1.255332641601562500e+03
1.255240600585937500e+03
1.255308959960937500e+03
1.255263793945312500e+03
1.255167602539062500e+03
1.255288085937500000e+03
1.255358520507812500e+03
1.255162109375000000e+03
1.255324951171875000e+03
1.255196044921875000e+03
1.255332885742187500e+03
1.255245483398437500e+03
1.255092285156250000e+03
1.255203002929687500e+03
1.255308349609375000e+03
1.255228515625000000e+03
1.255210937500000000e+03
1.255213867187500000e+03
1.255210449218750000e+03
1.255198486328125000e+03
1.255259277343750000e+03
1.255258178710937500e+03
1.255240234375000000e+03
1.255326660156250000e+03
1.255322021484375000e+03
1.255140991210937500e+03
1.255345336914062500e+03
1.255240234375000000e+03
1.255199584960937500e+03
1.255144409179687500e+03
1.255104858398437500e+03
1.255197021484375000e+03
1.255235107421875000e+03
1.255179809570312500e+03
1.255234497070312500e+03
1.255208129882812500e+03
1.255163574218750000e+03
1.255201049804687500e+03
1.255245361328125000e+03
1.255252075195312500e+03
1.255281250000000000e+03
1.255310302734375000e+03
1.255114379882812500e+03
1.255316040039062500e+03
1.255264526367187500e+03
1.255345703125000000e+03
1.255137695312500000e+03
1.255213623046875000e+03
1.255166015625000000e+03
1.255273437500000000e+03
1.255216430664062500e+03
1.255216552734375000e+03
1.255137329101562500e+03
1.255151367187500000e+03
1.255329223632812500e+03
1.255252807617187500e+03
1.255127319335937500e+03
1.255261840820312500e+03
1.255112548828125000e+03
1.255253295898437500e+03
1.255229614257812500e+03
1.255643188476562500e+03
1.255436157226562500e+03
1.255453857421875000e+03
1.255527465820312500e+03
1.255644531250000000e+03
1.255631713867187500e+03
1.255562011718750000e+03
1.255581542968750000e+03
1.255656982421875000e+03
1.255635253906250000e+03
1.255415039062500000e+03
1.255539672851562500e+03
1.255554077148437500e+03
1.255622436523437500e+03
1.255612548828125000e+03
1.255382690429687500e+03
1.255372924804687500e+03
1.255573608398437500e+03
1.255463256835937500e+03
1.255461914062500000e+03
1.255635131835937500e+03
1.255449218750000000e+03
1.255574340820312500e+03
1.255374511718750000e+03
1.255453979492187500e+03
1.255378417968750000e+03
1.255708740234375000e+03
1.255798706054687500e+03
1.255766723632812500e+03
1.255867919921875000e+03
1.255768432617187500e+03
1.255665527343750000e+03
1.255695190429687500e+03
1.255883911132812500e+03
1.255926391601562500e+03
1.255748291015625000e+03
1.255830932617187500e+03
1.255834716796875000e+03
1.255711547851562500e+03
1.255704589843750000e+03
1.255885620117187500e+03
1.255953857421875000e+03
1.255951782226562500e+03
1.255863037109375000e+03
1.255948608398437500e+03
1.255693969726562500e+03
1.255922119140625000e+03
1.256096557617187500e+03
1.256238769531250000e+03
1.255975830078125000e+03
1.256014770507812500e+03
1.256020385742187500e+03
1.255988769531250000e+03
1.256145141601562500e+03
1.256025512695312500e+03
1.256123657226562500e+03
1.256079223632812500e+03
1.255968139648437500e+03
1.256216674804687500e+03
1.255979125976562500e+03
1.256120483398437500e+03
1.256088134765625000e+03
1.256136108398437500e+03
1.256204467773437500e+03
1.256205566406250000e+03
1.256242065429687500e+03
1.256207153320312500e+03
1.256158325195312500e+03
1.256335571289062500e+03
1.256413452148437500e+03
1.256428955078125000e+03
1.256283935546875000e+03
1.256357910156250000e+03
1.256288085937500000e+03
1.256267700195312500e+03
1.256333984375000000e+03
1.256329223632812500e+03
1.256484863281250000e+03
1.256267578125000000e+03
1.256262084960937500e+03
1.256757812500000000e+03
1.256819458007812500e+03
1.256734375000000000e+03
1.256611816406250000e+03
1.256785888671875000e+03
1.256775756835937500e+03
1.256821899414062500e+03
1.256759521484375000e+03
1.256564331054687500e+03
1.256633666992187500e+03
1.256759643554687500e+03
1.256750976562500000e+03
1.256682617187500000e+03
1.256718872070312500e+03
1.256557373046875000e+03
1.256658081054687500e+03
1.256782348632812500e+03
1.256826538085937500e+03
1.256785278320312500e+03
1.256664550781250000e+03
1.256813964843750000e+03
1.256657470703125000e+03
1.256701782226562500e+03
1.256704345703125000e+03
1.256727783203125000e+03
1.256752441406250000e+03
1.256857421875000000e+03
1.257025634765625000e+03
1.257076049804687500e+03
1.256940673828125000e+03
1.256957763671875000e+03
1.257110473632812500e+03
1.257119384765625000e+03
1.256865844726562500e+03
1.257120605468750000e+03
1.257123046875000000e+03
1.257045776367187500e+03
1.256997314453125000e+03
1.256909057617187500e+03
1.257041870117187500e+03
1.257091796875000000e+03
1.257069213867187500e+03
1.256906127929687500e+03
1.257003906250000000e+03
1.256998779296875000e+03
1.256975708007812500e+03
1.256937744140625000e+03
1.256843261718750000e+03
1.256851684570312500e+03
1.257113037109375000e+03
1.257079101562500000e+03
1.257030639648437500e+03
1.256967041015625000e+03
1.256925170898437500e+03
1.256992187500000000e+03
1.256967407226562500e+03
1.256844116210937500e+03
1.256922363281250000e+03
1.256933715820312500e+03
1.256972290039062500e+03
1.256969848632812500e+03
1.256954589843750000e+03
1.256949707031250000e+03
1.256950805664062500e+03
1.257370239257812500e+03
1.257234619140625000e+03
1.257260375976562500e+03
1.257387207031250000e+03
1.257331787109375000e+03
1.257367065429687500e+03
1.257167114257812500e+03
1.257175048828125000e+03
1.257158691406250000e+03
1.257136230468750000e+03
1.257394531250000000e+03
1.257270141601562500e+03
1.257197143554687500e+03
1.257403564453125000e+03
1.257174560546875000e+03
1.257187622070312500e+03
1.257174682617187500e+03
1.257235961914062500e+03
1.257373779296875000e+03
1.257310668945312500e+03
1.257324218750000000e+03
1.257164306640625000e+03
1.257260986328125000e+03
1.257395874023437500e+03
1.257236206054687500e+03
1.257246337890625000e+03
1.257323120117187500e+03
1.257254150390625000e+03
1.257229736328125000e+03
1.257365112304687500e+03
1.257345214843750000e+03
1.257276489257812500e+03
1.257283325195312500e+03
1.257252075195312500e+03
1.257176025390625000e+03
1.257194091796875000e+03
1.257301757812500000e+03
1.257198486328125000e+03
1.257140747070312500e+03
1.257406982421875000e+03
1.257152221679687500e+03
1.257278564453125000e+03
1.257235961914062500e+03
1.257256225585937500e+03
1.257216430664062500e+03
1.257235961914062500e+03
1.257357788085937500e+03
1.257342773437500000e+03
1.257337768554687500e+03
1.257311523437500000e+03
1.257364501953125000e+03
1.257392822265625000e+03
1.257358398437500000e+03
1.257326293945312500e+03
1.257415039062500000e+03
1.257240478515625000e+03
1.257168701171875000e+03
1.257339843750000000e+03
1.257347045898437500e+03
1.257245605468750000e+03
1.257278076171875000e+03
1.257144653320312500e+03
1.257395263671875000e+03
1.257130859375000000e+03
1.257327636718750000e+03
1.257181396484375000e+03
1.257301757812500000e+03
1.257318115234375000e+03
1.257457275390625000e+03
1.257602783203125000e+03
1.257427734375000000e+03
1.257435913085937500e+03
1.257589599609375000e+03
1.257702514648437500e+03
1.257509521484375000e+03
1.257441162109375000e+03
1.257562744140625000e+03
1.257426635742187500e+03
1.257528442382812500e+03
1.257519409179687500e+03
1.257604492187500000e+03
1.257536621093750000e+03
1.257695434570312500e+03
1.257456909179687500e+03
1.257667724609375000e+03
1.257565795898437500e+03
1.257478759765625000e+03
1.257512084960937500e+03
1.257610473632812500e+03
1.257436157226562500e+03
1.257604003906250000e+03
1.257433959960937500e+03
1.257554931640625000e+03
1.257543090820312500e+03
1.257654785156250000e+03
1.257578735351562500e+03
1.257565307617187500e+03
1.257584228515625000e+03
1.257497558593750000e+03
1.257632080078125000e+03
1.257516357421875000e+03
1.257450439453125000e+03
1.257583618164062500e+03
1.257688720703125000e+03
1.257425415039062500e+03
1.257504272460937500e+03
1.257539306640625000e+03
1.257445434570312500e+03
1.257488647460937500e+03
1.257693725585937500e+03
1.257714355468750000e+03
1.257640869140625000e+03
1.257529296875000000e+03
1.257455200195312500e+03
1.257548095703125000e+03
1.257710449218750000e+03
1.257676269531250000e+03
1.257703735351562500e+03
1.257640991210937500e+03
1.257707885742187500e+03
1.257530273437500000e+03
1.257530273437500000e+03
1.257515014648437500e+03
1.257607543945312500e+03
1.257572875976562500e+03
1.257613525390625000e+03
1.257705688476562500e+03
1.257703491210937500e+03
1.257679443359375000e+03
1.257529785156250000e+03
1.257536865234375000e+03
1.257560668945312500e+03
1.257701416015625000e+03
1.257619506835937500e+03
1.257713256835937500e+03
1.257501220703125000e+03
1.257630615234375000e+03
1.257575195312500000e+03
1.257685913085937500e+03
1.257501953125000000e+03
1.257515869140625000e+03
1.257489257812500000e+03
1.257441894531250000e+03
1.257638427734375000e+03
1.257579711914062500e+03
1.257588989257812500e+03
1.257507446289062500e+03
1.257698120117187500e+03
1.257663330078125000e+03
1.257490478515625000e+03
1.257482666015625000e+03
1.257645507812500000e+03
1.257686523437500000e+03
1.257707519531250000e+03
1.257710693359375000e+03
1.257699218750000000e+03
1.257576538085937500e+03
1.257426757812500000e+03
1.257533325195312500e+03
1.257557495117187500e+03
1.257634155273437500e+03
1.257626953125000000e+03
1.257704956054687500e+03
1.257657958984375000e+03
1.257710083007812500e+03
1.257458374023437500e+03
1.257583251953125000e+03
1.257699951171875000e+03
1.257707275390625000e+03
1.257513305664062500e+03
1.257679687500000000e+03
1.257679931640625000e+03
1.257560546875000000e+03
1.257591430664062500e+03
1.257636840820312500e+03
1.257679443359375000e+03
1.257625000000000000e+03
1.257527832031250000e+03
1.257658813476562500e+03
1.257605712890625000e+03
1.257687622070312500e+03
1.257505615234375000e+03
1.257584350585937500e+03
1.257639648437500000e+03
1.257527709960937500e+03
1.257661987304687500e+03
1.257501464843750000e+03
1.257481201171875000e+03
1.257683349609375000e+03
1.257594238281250000e+03
1.257707031250000000e+03
1.257556030273437500e+03
1.257602172851562500e+03
1.257601806640625000e+03
1.257498291015625000e+03
1.257462524414062500e+03
1.257661987304687500e+03
1.257585571289062500e+03
1.257957397460937500e+03
1.257903076171875000e+03
1.257882934570312500e+03
1.257909545898437500e+03
1.257837646484375000e+03
1.257818359375000000e+03
1.257998168945312500e+03
1.257959594726562500e+03
1.257851440429687500e+03
1.257848388671875000e+03
1.257776489257812500e+03
1.257850708007812500e+03
1.257924682617187500e+03
1.257939819335937500e+03
1.257837524414062500e+03
1.257941772460937500e+03
1.257899902343750000e+03
1.257989501953125000e+03
1.257959106445312500e+03
1.257830810546875000e+03
1.257724487304687500e+03
1.257889160156250000e+03
1.257737792968750000e+03
1.257974731445312500e+03
1.257843994140625000e+03
1.257982421875000000e+03
1.257927978515625000e+03
1.257886962890625000e+03
1.257901489257812500e+03
1.257821899414062500e+03
1.257913208007812500e+03
1.257875366210937500e+03
1.257923339843750000e+03
1.257803588867187500e+03
1.257734497070312500e+03
1.257732421875000000e+03
1.257986083984375000e+03
1.257964599609375000e+03
1.257999389648437500e+03
1.257958740234375000e+03
1.257903686523437500e+03
1.257790893554687500e+03
1.257823364257812500e+03
1.257979248046875000e+03
1.258002807617187500e+03
1.257998657226562500e+03
1.257985351562500000e+03
1.257742431640625000e+03
1.257719970703125000e+03
1.257955932617187500e+03
1.257807617187500000e+03
1.257757324218750000e+03
1.257812377929687500e+03
1.257987670898437500e+03
1.257982543945312500e+03
1.257756103515625000e+03
1.257821044921875000e+03
1.257740966796875000e+03
1.257728393554687500e+03
1.257901000976562500e+03
1.257900756835937500e+03
1.257814819335937500e+03
1.257727905273437500e+03
1.257788330078125000e+03
1.257794555664062500e+03
1.257794677734375000e+03
1.257780029296875000e+03
1.257756469726562500e+03
1.257755126953125000e+03
1.257772460937500000e+03
1.257864135742187500e+03
1.257767211914062500e+03
1.257750122070312500e+03
1.257799072265625000e+03
1.257773559570312500e+03
1.257892333984375000e+03
1.257966674804687500e+03
1.257953369140625000e+03
1.257959350585937500e+03
1.257997924804687500e+03
1.257998901367187500e+03
1.257788818359375000e+03
1.257846679687500000e+03
1.257809936523437500e+03
1.257740234375000000e+03
1.257776367187500000e+03
1.257887695312500000e+03
1.257852539062500000e+03
1.257799560546875000e+03
1.257975830078125000e+03
1.257991455078125000e+03
1.257763061523437500e+03
1.257722045898437500e+03
1.257850097656250000e+03
1.257856689453125000e+03
1.257989379882812500e+03
1.257976440429687500e+03
1.257774902343750000e+03
1.257935791015625000e+03
1.257972412109375000e+03
1.257833129882812500e+03
1.257911499023437500e+03
1.257857543945312500e+03
1.257759887695312500e+03
1.257747436523437500e+03
1.257744750976562500e+03
1.257766479492187500e+03
1.257778442382812500e+03
1.257785034179687500e+03
1.257795898437500000e+03
1.257791503906250000e+03
1.257924316406250000e+03
1.257779785156250000e+03
1.257793457031250000e+03
1.257789550781250000e+03
1.257864501953125000e+03
1.257837280273437500e+03
1.257826782226562500e+03
1.257849121093750000e+03
1.257778808593750000e+03
1.257837768554687500e+03
1.257875732421875000e+03
1.257893310546875000e+03
1.257883666992187500e+03
1.257883544921875000e+03
1.257954345703125000e+03
1.257922485351562500e+03
1.257941650390625000e+03
1.257968261718750000e+03
1.257979003906250000e+03
1.258005004882812500e+03
1.257814331054687500e+03
1.257831298828125000e+03
1.257955932617187500e+03
1.257980346679687500e+03
1.257747924804687500e+03
1.257775024414062500e+03
1.257799560546875000e+03
1.257796386718750000e+03
1.257795776367187500e+03
1.257804687500000000e+03
1.257801635742187500e+03
1.257870361328125000e+03
1.257900634765625000e+03
1.257855590820312500e+03
1.257839111328125000e+03
1.257840332031250000e+03
1.257866699218750000e+03
1.257766235351562500e+03
1.257766479492187500e+03
1.257947631835937500e+03
1.257914062500000000e+03
1.257869262695312500e+03
1.257993530273437500e+03
1.257989868164062500e+03
1.257975952148437500e+03
1.257992431640625000e+03
1.257883422851562500e+03
1.257746582031250000e+03
1.257759521484375000e+03
1.257727783203125000e+03
1.257895141601562500e+03
1.257800903320312500e+03
1.257805297851562500e+03
1.257749511718750000e+03
1.257853515625000000e+03
1.257799804687500000e+03
1.257839965820312500e+03
1.257742919921875000e+03
1.257725219726562500e+03
1.257724243164062500e+03
1.257781250000000000e+03
1.257814331054687500e+03
1.257835083007812500e+03
1.257923828125000000e+03
1.257942504882812500e+03
1.257891235351562500e+03
1.257896850585937500e+03
1.257800537109375000e+03
1.257848510742187500e+03
1.257801757812500000e+03
1.257771728515625000e+03
1.257922851562500000e+03
1.258002197265625000e+03
1.257806762695312500e+03
1.257773437500000000e+03
1.257999511718750000e+03
1.257848388671875000e+03
1.257962890625000000e+03
1.257932495117187500e+03
1.257764282226562500e+03
1.257916748046875000e+03
1.257984130859375000e+03
1.258004150390625000e+03
1.257955444335937500e+03
1.257879028320312500e+03
1.257981811523437500e+03
1.257995849609375000e+03
1.257946655273437500e+03
1.257962768554687500e+03
1.257848632812500000e+03
1.257785400390625000e+03
1.257956298828125000e+03
1.257771972656250000e+03
1.257984008789062500e+03
1.257735351562500000e+03
1.257754882812500000e+03
1.257900268554687500e+03
1.257777587890625000e+03
1.257851562500000000e+03
1.257982788085937500e+03
1.257897216796875000e+03
1.257827514648437500e+03
1.257996826171875000e+03
1.257780639648437500e+03
1.257785766601562500e+03
1.257878295898437500e+03
1.258004882812500000e+03
1.257868652343750000e+03
1.257942749023437500e+03
1.257979492187500000e+03
1.258078369140625000e+03
1.258220458984375000e+03
1.258145629882812500e+03
1.258060668945312500e+03
1.258114868164062500e+03
1.258160888671875000e+03
1.258123413085937500e+03
1.258046997070312500e+03
1.258286987304687500e+03
1.258070678710937500e+03
1.258051391601562500e+03
1.258025146484375000e+03
1.258277343750000000e+03
1.258221191406250000e+03
1.258099243164062500e+03
1.258246704101562500e+03
1.258050170898437500e+03
1.258041015625000000e+03
1.258081054687500000e+03
1.258240478515625000e+03
1.258152221679687500e+03
1.258075317382812500e+03
1.258279174804687500e+03
1.258118164062500000e+03
1.258153442382812500e+03
1.258130371093750000e+03
1.258041259765625000e+03
1.258074218750000000e+03
1.258035278320312500e+03
1.258099487304687500e+03
1.258031860351562500e+03
1.258194702148437500e+03
1.258284301757812500e+03
1.258253295898437500e+03
1.258046264648437500e+03
1.258296142578125000e+03
1.258205688476562500e+03
1.258201904296875000e+03
1.258096801757812500e+03
1.258253784179687500e+03
1.258267089843750000e+03
1.258104492187500000e+03
1.258041259765625000e+03
1.258051513671875000e+03
1.258136474609375000e+03
1.258244995117187500e+03
1.258163574218750000e+03
1.258032836914062500e+03
1.258218750000000000e+03
1.258161499023437500e+03
1.258169799804687500e+03
1.258087524414062500e+03
1.258037475585937500e+03
1.258076416015625000e+03
1.258239013671875000e+03
1.258140136718750000e+03
1.258012817382812500e+03
1.258131591796875000e+03
1.258179687500000000e+03
1.258240966796875000e+03
1.258014892578125000e+03
1.258079223632812500e+03
1.258089233398437500e+03
1.258217651367187500e+03
1.258173095703125000e+03
1.258288696289062500e+03
1.258018188476562500e+03
1.258098999023437500e+03
1.258101684570312500e+03
1.258119628906250000e+03
1.258039672851562500e+03
1.258286865234375000e+03
1.258173950195312500e+03
1.258141967773437500e+03
1.258146484375000000e+03
1.258160644531250000e+03
1.258266113281250000e+03
1.258154174804687500e+03
1.258149902343750000e+03
1.258284667968750000e+03
1.258042724609375000e+03
1.258109252929687500e+03
1.258149658203125000e+03
1.258144775390625000e+03
1.258105468750000000e+03
1.258067382812500000e+03
1.258156860351562500e+03
1.258184570312500000e+03
1.258180419921875000e+03
1.258221191406250000e+03
1.258187500000000000e+03
1.258216186523437500e+03
1.258291870117187500e+03
1.258249389648437500e+03
1.258193847656250000e+03
1.258186889648437500e+03
1.258228271484375000e+03
1.258261474609375000e+03
1.258296997070312500e+03
1.258078369140625000e+03
1.258067260742187500e+03
1.258154541015625000e+03
1.258048828125000000e+03
1.258134033203125000e+03
1.258100830078125000e+03
1.258233520507812500e+03
1.258229980468750000e+03
1.258220214843750000e+03
1.258183593750000000e+03
1.258253906250000000e+03
1.258021850585937500e+03
1.258077270507812500e+03
1.258270263671875000e+03
1.258069702148437500e+03
1.258103149414062500e+03
1.258291748046875000e+03
1.258262451171875000e+03
1.258047729492187500e+03
1.258076660156250000e+03
1.258036987304687500e+03
1.258023681640625000e+03
1.258129272460937500e+03
1.258208984375000000e+03
1.258279052734375000e+03
1.258276977539062500e+03
1.258252685546875000e+03
1.258226928710937500e+03
1.258178344726562500e+03
1.258248779296875000e+03
1.258256347656250000e+03
1.258254760742187500e+03
1.258179077148437500e+03
1.258175781250000000e+03
1.258232177734375000e+03
1.258027587890625000e+03
1.258266235351562500e+03
1.258055786132812500e+03
1.258060424804687500e+03
1.258120239257812500e+03
1.258049682617187500e+03
1.258058471679687500e+03
1.258173706054687500e+03
1.258270141601562500e+03
1.258046630859375000e+03
1.258064697265625000e+03
1.258127929687500000e+03
1.258274780273437500e+03
1.258031127929687500e+03
1.258273437500000000e+03
1.258101806640625000e+03
1.258175415039062500e+03
1.258203125000000000e+03
1.258158081054687500e+03
1.258157226562500000e+03
1.258104614257812500e+03
1.258106323242187500e+03
1.258310302734375000e+03
1.258316284179687500e+03
1.258509521484375000e+03
1.258391845703125000e+03
1.258484008789062500e+03
1.258318603515625000e+03
1.258332153320312500e+03
1.258518188476562500e+03
1.258561279296875000e+03
1.258369995117187500e+03
1.258452270507812500e+03
1.258483154296875000e+03
1.258387573242187500e+03
1.258411132812500000e+03
1.258577270507812500e+03
1.258487304687500000e+03
1.258329833984375000e+03
1.258430297851562500e+03
1.258354125976562500e+03
1.258488403320312500e+03
1.258479858398437500e+03
1.258427734375000000e+03
1.258484375000000000e+03
1.258573486328125000e+03
1.258540893554687500e+03
1.258368530273437500e+03
1.258442993164062500e+03
1.258411621093750000e+03
1.258354370117187500e+03
1.258395874023437500e+03
1.258522705078125000e+03
1.258563354492187500e+03
1.258401733398437500e+03
1.258553710937500000e+03
1.258429809570312500e+03
1.258364868164062500e+03
1.258421386718750000e+03
1.258330810546875000e+03
1.258426025390625000e+03
1.258410522460937500e+03
1.258503417968750000e+03
1.258397094726562500e+03
1.258444824218750000e+03
1.258444702148437500e+03
1.258373657226562500e+03
1.258525390625000000e+03
1.258466064453125000e+03
1.258394897460937500e+03
1.258347900390625000e+03
1.258483154296875000e+03
1.258486938476562500e+03
1.258520996093750000e+03
1.258347290039062500e+03
1.258321899414062500e+03
1.258418823242187500e+03
1.258331420898437500e+03
1.258338500976562500e+03
1.258559326171875000e+03
1.258322509765625000e+03
1.258464965820312500e+03
1.258334838867187500e+03
1.258418701171875000e+03
1.258354858398437500e+03
1.258468872070312500e+03
1.258489135742187500e+03
1.258424438476562500e+03
1.258544189453125000e+03
1.258325927734375000e+03
1.258323730468750000e+03
1.258355712890625000e+03
1.258328613281250000e+03
1.258414916992187500e+03
1.258449218750000000e+03
1.258375610351562500e+03
1.258476928710937500e+03
1.258512695312500000e+03
1.258360839843750000e+03
1.258306640625000000e+03
1.258425415039062500e+03
1.258347900390625000e+03
1.258374633789062500e+03
1.258397460937500000e+03
1.258366210937500000e+03
1.258561157226562500e+03
1.258472534179687500e+03
1.258585937500000000e+03
1.258387695312500000e+03
1.258364746093750000e+03
1.258476562500000000e+03
1.258458129882812500e+03
1.258490234375000000e+03
1.258429321289062500e+03
1.258323852539062500e+03
1.258353759765625000e+03
1.258488281250000000e+03
1.258371704101562500e+03
1.258575805664062500e+03
1.258348022460937500e+03
1.258473022460937500e+03
1.258501098632812500e+03
1.258498046875000000e+03
1.258851196289062500e+03
1.258626586914062500e+03
1.258882080078125000e+03
1.258620361328125000e+03
1.258860351562500000e+03
1.258763916015625000e+03
1.258806152343750000e+03
1.258783935546875000e+03
1.258764282226562500e+03
1.258635375976562500e+03
1.258808715820312500e+03
1.258680297851562500e+03
1.258680664062500000e+03
1.258682861328125000e+03
1.258760986328125000e+03
1.258680786132812500e+03
1.258603759765625000e+03
1.258828979492187500e+03
1.258610473632812500e+03
1.258770874023437500e+03
1.258647460937500000e+03
1.258725830078125000e+03
1.258596801757812500e+03
1.258614624023437500e+03
1.258726806640625000e+03
1.258725952148437500e+03
1.258739624023437500e+03
1.258614379882812500e+03
1.258725708007812500e+03
1.258613769531250000e+03
1.258748168945312500e+03
1.258833984375000000e+03
1.258612182617187500e+03
1.258692871093750000e+03
1.258747314453125000e+03
1.258813842773437500e+03
1.258863403320312500e+03
1.258846679687500000e+03
1.258840209960937500e+03
1.258742187500000000e+03
1.258641601562500000e+03
1.258691284179687500e+03
1.258865478515625000e+03
1.258883178710937500e+03
1.258693603515625000e+03
1.258613891601562500e+03
1.258833129882812500e+03
1.258864990234375000e+03
1.258776000976562500e+03
1.258714965820312500e+03
1.258804321289062500e+03
1.258654174804687500e+03
1.258727661132812500e+03
1.258760375976562500e+03
1.258864624023437500e+03
1.258601806640625000e+03
1.258866577148437500e+03
1.259046875000000000e+03
1.258890380859375000e+03
1.259031860351562500e+03
1.258918823242187500e+03
1.258916503906250000e+03
1.258934936523437500e+03
1.259138183593750000e+03
1.259015625000000000e+03
1.259140991210937500e+03
1.258927124023437500e+03
1.259035766601562500e+03
1.259143554687500000e+03
1.259081542968750000e+03
1.258911499023437500e+03
1.259138305664062500e+03
1.259046630859375000e+03
1.258913696289062500e+03
1.259125000000000000e+03
1.258965454101562500e+03
1.259079589843750000e+03
1.259123168945312500e+03
1.258971923828125000e+03
1.259134643554687500e+03
1.258893676757812500e+03
1.259029174804687500e+03
1.258920410156250000e+03
1.259025390625000000e+03
1.258903442382812500e+03
1.258948242187500000e+03
1.259144287109375000e+03
1.259153564453125000e+03
1.259224853515625000e+03
1.259208007812500000e+03
1.259458496093750000e+03
1.259312500000000000e+03
1.259255493164062500e+03
1.259207763671875000e+03
1.259189331054687500e+03
1.259335327148437500e+03
1.259675415039062500e+03
1.259578613281250000e+03
1.259575561523437500e+03
1.259486694335937500e+03
1.259504028320312500e+03
1.259618041992187500e+03
1.259649414062500000e+03
1.259630004882812500e+03
1.259633300781250000e+03
1.259806030273437500e+03
1.259807006835937500e+03
1.259893066406250000e+03
1.259982543945312500e+03
1.259765625000000000e+03
1.260134399414062500e+03
1.260089721679687500e+03
1.260416381835937500e+03
1.260381347656250000e+03
