2.921157226562500000e+02
2.926695251464843750e+02
2.924750671386718750e+02
2.926401672363281250e+02
2.926265869140625000e+02
2.926797180175781250e+02
2.929454345703125000e+02
2.929183654785156250e+02
2.929284667968750000e+02
2.929083862304687500e+02
2.928107299804687500e+02
2.930531921386718750e+02
2.930248413085937500e+02
2.930258789062500000e+02
2.933585205078125000e+02
2.920363464355468750e+02
2.920414123535156250e+02
2.921268615722656250e+02
2.923056640625000000e+02
2.922195434570312500e+02
2.922648925781250000e+02
2.925869140625000000e+02
2.925926208496093750e+02
2.926616821289062500e+02
2.925270690917968750e+02
2.925318908691406250e+02
2.925359802246093750e+02
2.925909729003906250e+02
2.926318359375000000e+02
2.926513977050781250e+02
2.926576843261718750e+02
2.925072021484375000e+02
2.925300598144531250e+02
2.926623229980468750e+02
2.927384643554687500e+02
2.927151794433593750e+02
2.927514953613281250e+02
2.927254028320312500e+02
2.929197082519531250e+02
2.928963623046875000e+02
2.929227600097656250e+02
2.929368896484375000e+02
2.927928771972656250e+02
2.928312988281250000e+02
2.928135375976562500e+02
2.927921752929687500e+02
2.928823852539062500e+02
2.928578796386718750e+02
2.927962341308593750e+02
2.929031982421875000e+02
2.928807983398437500e+02
2.929451599121093750e+02
2.927408142089843750e+02
2.927136535644531250e+02
2.927358703613281250e+02
2.927388916015625000e+02
2.927602539062500000e+02
2.927593994140625000e+02
2.927255859375000000e+02
2.927057189941406250e+02
2.928253173828125000e+02
2.928236999511718750e+02
2.928229675292968750e+02
2.929235534667968750e+02
2.929084472656250000e+02
2.928781127929687500e+02
2.928735656738281250e+02
2.928728332519531250e+02
2.928945312500000000e+02
2.928171997070312500e+02
2.928170166015625000e+02
2.928763732910156250e+02
2.928928527832031250e+02
2.926911010742187500e+02
2.927545471191406250e+02
2.932431945800781250e+02
2.930648803710937500e+02
2.931668090820312500e+02
2.929813232421875000e+02
2.930213317871093750e+02
2.930263061523437500e+02
2.930624084472656250e+02
2.930981445312500000e+02
2.931705017089843750e+02
2.933247375488281250e+02
2.934086303710937500e+02
2.934384155273437500e+02
2.934079895019531250e+02
2.911253967285156250e+02
2.918613891601562500e+02
2.919918212890625000e+02
2.923696899414062500e+02
2.923417968750000000e+02
2.924931640625000000e+02
2.926148376464843750e+02
2.924060668945312500e+02
2.925899658203125000e+02
2.926869812011718750e+02
2.928048706054687500e+02
2.927136840820312500e+02
2.927663879394531250e+02
2.926906738281250000e+02
2.928185424804687500e+02
2.929027709960937500e+02
2.927289123535156250e+02
2.927280883789062500e+02
2.928290710449218750e+02
2.926911010742187500e+02
2.930398864746093750e+02
2.931927795410156250e+02
2.931431274414062500e+02
2.929912719726562500e+02
2.931474914550781250e+02
2.933533325195312500e+02
2.914660034179687500e+02
2.916336975097656250e+02
2.918945007324218750e+02
2.923736572265625000e+02
2.923347778320312500e+02
2.922727966308593750e+02
2.923394775390625000e+02
2.925427551269531250e+02
2.925425415039062500e+02
2.924837646484375000e+02
2.929662170410156250e+02
2.927031250000000000e+02
2.929191284179687500e+02
2.927399597167968750e+02
2.929481506347656250e+02
2.928027343750000000e+02
2.928733520507812500e+02
2.931432800292968750e+02
2.929691467285156250e+02
2.934043273925781250e+02
2.932797851562500000e+02
2.908695373535156250e+02
2.913548583984375000e+02
2.915806579589843750e+02
2.921998596191406250e+02
2.921430664062500000e+02
2.923018798828125000e+02
2.925702819824218750e+02
2.925096130371093750e+02
2.928304138183593750e+02
2.927197265625000000e+02
2.928712463378906250e+02
2.929413452148437500e+02
2.932285461425781250e+02
2.930611267089843750e+02
2.931881103515625000e+02
2.932366027832031250e+02
2.929892883300781250e+02
2.933297424316406250e+02
2.933705444335937500e+02
2.934035644531250000e+02
2.945531005859375000e+02
2.922183837890625000e+02
2.923933715820312500e+02
2.929244995117187500e+02
2.927871398925781250e+02
2.926958312988281250e+02
2.928895874023437500e+02
2.929088134765625000e+02
2.931210632324218750e+02
2.930152282714843750e+02
2.932425842285156250e+02
2.933502807617187500e+02
2.933859558105468750e+02
2.906979675292968750e+02
2.911094360351562500e+02
2.917868957519531250e+02
2.917504577636718750e+02
2.917864379882812500e+02
2.915302429199218750e+02
2.915640563964843750e+02
2.916826782226562500e+02
2.919278564453125000e+02
2.919737243652343750e+02
2.922814331054687500e+02
2.920920410156250000e+02
2.922538452148437500e+02
2.925130920410156250e+02
2.928065795898437500e+02
2.927897644042968750e+02
2.926860961914062500e+02
2.928860168457031250e+02
2.927045288085937500e+02
2.927286682128906250e+02
2.927210083007812500e+02
2.926775817871093750e+02
2.935523986816406250e+02
2.932963562011718750e+02
2.935797424316406250e+02
2.944540100097656250e+02
2.914890136718750000e+02
2.914501953125000000e+02
2.917111511230468750e+02
2.920369567871093750e+02
2.919212951660156250e+02
2.920698242187500000e+02
2.918008728027343750e+02
2.923150939941406250e+02
2.921909790039062500e+02
2.921744689941406250e+02
2.923578186035156250e+02
2.922823791503906250e+02
2.921343994140625000e+02
2.925378417968750000e+02
2.923977966308593750e+02
2.925059204101562500e+02
2.925928955078125000e+02
2.925037536621093750e+02
2.925567321777343750e+02
2.929262390136718750e+02
2.927019348144531250e+02
2.928561401367187500e+02
2.928909301757812500e+02
2.929465637207031250e+02
2.927674255371093750e+02
2.929064941406250000e+02
2.930176391601562500e+02
2.929806518554687500e+02
2.935356750488281250e+02
2.933214721679687500e+02
2.935264892578125000e+02
2.933986816406250000e+02
2.938583984375000000e+02
2.942822570800781250e+02
2.942837524414062500e+02
2.942666625976562500e+02
2.942304077148437500e+02
2.942369384765625000e+02
2.910829467773437500e+02
2.914498291015625000e+02
2.916859130859375000e+02
2.915574951171875000e+02
2.917074890136718750e+02
2.920590209960937500e+02
2.919855041503906250e+02
2.920364990234375000e+02
2.920355529785156250e+02
2.918756103515625000e+02
2.920655822753906250e+02
2.920122070312500000e+02
2.921127624511718750e+02
2.923348083496093750e+02
2.921019897460937500e+02
2.923312072753906250e+02
2.923308410644531250e+02
2.923471069335937500e+02
2.922394714355468750e+02
2.923728027343750000e+02
2.921655883789062500e+02
2.923121032714843750e+02
2.922964172363281250e+02
2.922700805664062500e+02
2.923194580078125000e+02
2.922879028320312500e+02
2.923435058593750000e+02
2.920901489257812500e+02
2.922256164550781250e+02
2.922741394042968750e+02
2.923553466796875000e+02
2.921097717285156250e+02
2.921934814453125000e+02
2.923518981933593750e+02
2.923300476074218750e+02
2.925961608886718750e+02
2.924219970703125000e+02
2.926201171875000000e+02
2.924685974121093750e+02
2.925801391601562500e+02
2.924619750976562500e+02
2.927232971191406250e+02
2.928819885253906250e+02
2.926974182128906250e+02
2.929522399902343750e+02
2.927377319335937500e+02
2.926811218261718750e+02
2.928699035644531250e+02
2.927618408203125000e+02
2.926845092773437500e+02
2.927413330078125000e+02
2.928541564941406250e+02
2.929510498046875000e+02
2.929343872070312500e+02
2.932536010742187500e+02
2.929734497070312500e+02
2.931141052246093750e+02
2.931848754882812500e+02
2.930889282226562500e+02
2.934291076660156250e+02
2.934105224609375000e+02
2.932957153320312500e+02
2.934719848632812500e+02
2.935242004394531250e+02
2.936000976562500000e+02
2.935838928222656250e+02
2.943555603027343750e+02
2.942224731445312500e+02
2.898479919433593750e+02
2.899655761718750000e+02
2.902157287597656250e+02
2.906692199707031250e+02
2.914586181640625000e+02
2.912663574218750000e+02
2.913124694824218750e+02
2.914186706542968750e+02
2.919945983886718750e+02
2.920298461914062500e+02
2.919027709960937500e+02
2.920785217285156250e+02
2.922496337890625000e+02
2.922725524902343750e+02
2.922619323730468750e+02
2.921159973144531250e+02
2.920921936035156250e+02
2.921964416503906250e+02
2.922404174804687500e+02
2.923699645996093750e+02
2.923071289062500000e+02
2.921132812500000000e+02
2.921352539062500000e+02
2.922603454589843750e+02
2.923630065917968750e+02
2.923746643066406250e+02
2.923826599121093750e+02
2.921890869140625000e+02
2.921429138183593750e+02
2.922736206054687500e+02
2.922162780761718750e+02
2.922586669921875000e+02
2.922926940917968750e+02
2.923472290039062500e+02
2.923156738281250000e+02
2.922994995117187500e+02
2.922202453613281250e+02
2.923340759277343750e+02
2.921348266601562500e+02
2.925945434570312500e+02
2.924891357421875000e+02
2.924717407226562500e+02
2.925782470703125000e+02
2.926392517089843750e+02
2.925265197753906250e+02
2.925443725585937500e+02
2.925454406738281250e+02
2.925396118164062500e+02
2.925717163085937500e+02
2.925843811035156250e+02
2.926251831054687500e+02
2.925587463378906250e+02
2.924130554199218750e+02
2.924347839355468750e+02
2.924529418945312500e+02
2.926502380371093750e+02
2.925800170898437500e+02
2.925656738281250000e+02
2.925929260253906250e+02
2.925851440429687500e+02
2.925877990722656250e+02
2.926451110839843750e+02
2.926331787109375000e+02
2.926485290527343750e+02
2.926523742675781250e+02
2.926309509277343750e+02
2.926328125000000000e+02
2.925942993164062500e+02
2.926712341308593750e+02
2.924598693847656250e+02
2.925106811523437500e+02
2.925490722656250000e+02
2.924650573730468750e+02
2.927796630859375000e+02
2.929543457031250000e+02
2.928005065917968750e+02
2.928619995117187500e+02
2.926767578125000000e+02
2.927184448242187500e+02
2.927779235839843750e+02
2.927569885253906250e+02
2.927283020019531250e+02
2.927860412597656250e+02
2.928444519042968750e+02
2.926788940429687500e+02
2.927415466308593750e+02
2.927508544921875000e+02
2.927808837890625000e+02
2.928998413085937500e+02
2.929562377929687500e+02
2.927005615234375000e+02
2.928388671875000000e+02
2.926889648437500000e+02
2.927843322753906250e+02
2.928223571777343750e+02
2.928903808593750000e+02
2.929433898925781250e+02
2.926771240234375000e+02
2.930982971191406250e+02
2.930143432617187500e+02
2.929700317382812500e+02
2.929989013671875000e+02
2.929714355468750000e+02
2.930094909667968750e+02
2.930025024414062500e+02
2.930684204101562500e+02
2.930760803222656250e+02
2.932019348144531250e+02
2.929954223632812500e+02
2.931232299804687500e+02
2.932492980957031250e+02
2.935253601074218750e+02
2.932982482910156250e+02
2.935078430175781250e+02
2.938316650390625000e+02
2.936629638671875000e+02
2.937145385742187500e+02
2.936605224609375000e+02
2.938355102539062500e+02
2.940150451660156250e+02
2.938600463867187500e+02
2.939655456542968750e+02
2.940968017578125000e+02
2.940310974121093750e+02
2.940469970703125000e+02
2.941578063964843750e+02
2.941960754394531250e+02
2.946621398925781250e+02
2.947792968750000000e+02
2.951989440917968750e+02
2.901947631835937500e+02
2.902507934570312500e+02
2.904876098632812500e+02
2.909056701660156250e+02
2.911942138671875000e+02
2.911762390136718750e+02
2.913695373535156250e+02
2.912117919921875000e+02
2.912250976562500000e+02
2.912419738769531250e+02
2.914278259277343750e+02
2.913238525390625000e+02
2.912661437988281250e+02
2.917510986328125000e+02
2.917415771484375000e+02
2.917829284667968750e+02
2.917955932617187500e+02
2.917509765625000000e+02
2.917377929687500000e+02
2.916142883300781250e+02
2.919989318847656250e+02
2.918690490722656250e+02
2.919440612792968750e+02
2.918396606445312500e+02
2.918594055175781250e+02
2.920779113769531250e+02
2.920841369628906250e+02
2.921441650390625000e+02
2.922185974121093750e+02
2.923098754882812500e+02
2.922523803710937500e+02
2.921616821289062500e+02
2.923176269531250000e+02
2.923801879882812500e+02
2.922836303710937500e+02
2.923007507324218750e+02
2.921264648437500000e+02
2.921842041015625000e+02
2.922567443847656250e+02
2.923159179687500000e+02
2.921973266601562500e+02
2.923218078613281250e+02
2.921717224121093750e+02
2.921433105468750000e+02
2.921370239257812500e+02
2.921232299804687500e+02
2.922340698242187500e+02
2.921478881835937500e+02
2.922177429199218750e+02
2.924240112304687500e+02
2.924560241699218750e+02
2.926665649414062500e+02
2.924725341796875000e+02
2.926586303710937500e+02
2.926491088867187500e+02
2.925087585449218750e+02
2.925006713867187500e+02
2.925839233398437500e+02
2.925579528808593750e+02
2.925253906250000000e+02
2.926304931640625000e+02
2.924227600097656250e+02
2.926328430175781250e+02
2.924961853027343750e+02
2.924793090820312500e+02
2.924482116699218750e+02
2.925682678222656250e+02
2.925910644531250000e+02
2.926053466796875000e+02
2.926236572265625000e+02
2.924480285644531250e+02
2.926301879882812500e+02
2.926650085449218750e+02
2.926613159179687500e+02
2.926699829101562500e+02
2.926723022460937500e+02
2.924546813964843750e+02
2.924087524414062500e+02
2.925139770507812500e+02
2.926380920410156250e+02
2.926205749511718750e+02
2.924006958007812500e+02
2.923835449218750000e+02
2.924592895507812500e+02
2.925697631835937500e+02
2.925154724121093750e+02
2.926206665039062500e+02
2.925878295898437500e+02
2.926577453613281250e+02
2.925643005371093750e+02
2.926297302246093750e+02
2.924114990234375000e+02
2.924915161132812500e+02
2.925326538085937500e+02
2.926731262207031250e+02
2.925533752441406250e+02
2.924861755371093750e+02
2.927277526855468750e+02
2.928601989746093750e+02
2.928722839355468750e+02
2.928913574218750000e+02
2.929618530273437500e+02
2.926899719238281250e+02
2.927548828125000000e+02
2.928279724121093750e+02
2.926972656250000000e+02
2.927215881347656250e+02
2.927167968750000000e+02
2.927190856933593750e+02
2.927060852050781250e+02
2.927183532714843750e+02
2.926818237304687500e+02
2.926817016601562500e+02
2.926774597167968750e+02
2.926903076171875000e+02
2.926982727050781250e+02
2.926883544921875000e+02
2.927855834960937500e+02
2.927618713378906250e+02
2.927947387695312500e+02
2.928401184082031250e+02
2.927920532226562500e+02
2.927695617675781250e+02
2.928154602050781250e+02
2.928339843750000000e+02
2.928616333007812500e+02
2.927258605957031250e+02
2.926887207031250000e+02
2.927805786132812500e+02
2.928537597656250000e+02
2.927750244140625000e+02
2.928803100585937500e+02
2.928804016113281250e+02
2.928869018554687500e+02
2.928878173828125000e+02
2.927338256835937500e+02
2.926938171386718750e+02
2.927313537597656250e+02
2.927625427246093750e+02
2.928318481445312500e+02
2.928086242675781250e+02
2.928883361816406250e+02
2.927167968750000000e+02
2.927243957519531250e+02
2.927269287109375000e+02
2.927429809570312500e+02
2.928062133789062500e+02
2.928581542968750000e+02
2.929506835937500000e+02
2.929223022460937500e+02
2.929244079589843750e+02
2.929316711425781250e+02
2.928460998535156250e+02
2.927269897460937500e+02
2.928035583496093750e+02
2.928437194824218750e+02
2.927282104492187500e+02
2.929660339355468750e+02
2.928937683105468750e+02
2.928931274414062500e+02
2.927620544433593750e+02
2.931651916503906250e+02
2.930636901855468750e+02
2.932366943359375000e+02
2.929953308105468750e+02
2.930469055175781250e+02
2.931585083007812500e+02
2.931594848632812500e+02
2.930357971191406250e+02
2.929794921875000000e+02
2.931461486816406250e+02
2.929984436035156250e+02
2.931195983886718750e+02
2.931823120117187500e+02
2.929806518554687500e+02
2.930878906250000000e+02
2.930765686035156250e+02
2.930798950195312500e+02
2.932416076660156250e+02
2.930021972656250000e+02
2.931351623535156250e+02
2.931248474121093750e+02
2.930161743164062500e+02
2.930547180175781250e+02
2.930386962890625000e+02
2.931747741699218750e+02
2.930987854003906250e+02
2.932384643554687500e+02
2.930101623535156250e+02
2.932627868652343750e+02
2.934302062988281250e+02
2.934808044433593750e+02
2.933069458007812500e+02
2.932677001953125000e+02
2.934346923828125000e+02
2.935246276855468750e+02
2.933914794921875000e+02
2.935186767578125000e+02
2.933518066406250000e+02
2.933211059570312500e+02
2.935116271972656250e+02
2.937305603027343750e+02
2.935574951171875000e+02
2.938043518066406250e+02
2.936778564453125000e+02
2.937533569335937500e+02
2.936658325195312500e+02
2.937401733398437500e+02
2.937053527832031250e+02
2.935547485351562500e+02
2.935774841308593750e+02
2.940231933593750000e+02
2.939668884277343750e+02
2.938649291992187500e+02
2.940858459472656250e+02
2.942440795898437500e+02
2.941755676269531250e+02
2.941503295898437500e+02
2.948643798828125000e+02
2.947982482910156250e+02
2.951391296386718750e+02
2.905984497070312500e+02
2.903778381347656250e+02
2.906123352050781250e+02
2.908264465332031250e+02
2.908237609863281250e+02
2.907928161621093750e+02
2.906980590820312500e+02
2.910666809082031250e+02
2.912698364257812500e+02
2.915632019042968750e+02
2.916084899902343750e+02
2.915931396484375000e+02
2.916978759765625000e+02
2.915905151367187500e+02
2.915490112304687500e+02
2.917322082519531250e+02
2.919798583984375000e+02
2.919324340820312500e+02
2.920484619140625000e+02
2.919657897949218750e+02
2.918997192382812500e+02
2.919919738769531250e+02
2.919078369140625000e+02
2.923338928222656250e+02
2.922572326660156250e+02
2.923356628417968750e+02
2.923774414062500000e+02
2.921939697265625000e+02
2.923619995117187500e+02
2.922964172363281250e+02
2.922608032226562500e+02
2.923089904785156250e+02
2.923469238281250000e+02
2.923378906250000000e+02
2.921156005859375000e+02
2.923039855957031250e+02
2.922325134277343750e+02
2.924552612304687500e+02
2.923948364257812500e+02
2.924699707031250000e+02
2.924381713867187500e+02
2.924608459472656250e+02
2.924851074218750000e+02
2.925570373535156250e+02
2.926632080078125000e+02
2.926408081054687500e+02
2.926581726074218750e+02
2.926506347656250000e+02
2.925690917968750000e+02
2.925972595214843750e+02
2.925685424804687500e+02
2.925660095214843750e+02
2.925846557617187500e+02
2.924997253417968750e+02
2.929251708984375000e+02
2.926888427734375000e+02
2.927457275390625000e+02
2.927366943359375000e+02
2.929558715820312500e+02
2.926852722167968750e+02
2.927312011718750000e+02
2.928515319824218750e+02
2.928767700195312500e+02
2.929504089355468750e+02
2.929031372070312500e+02
2.928427124023437500e+02
2.929639282226562500e+02
2.928914184570312500e+02
2.929168395996093750e+02
2.929344482421875000e+02
2.928960266113281250e+02
2.929201049804687500e+02
2.928947143554687500e+02
2.926962890625000000e+02
2.927231750488281250e+02
2.928741149902343750e+02
2.929678039550781250e+02
2.929737548828125000e+02
2.931976013183593750e+02
2.930319213867187500e+02
2.930555419921875000e+02
2.930863037109375000e+02
2.931392211914062500e+02
2.932084350585937500e+02
2.932446594238281250e+02
2.929841918945312500e+02
2.929964294433593750e+02
2.930410766601562500e+02
2.930309753417968750e+02
2.931496276855468750e+02
2.932044067382812500e+02
2.932513427734375000e+02
2.932529602050781250e+02
2.931315917968750000e+02
2.930619506835937500e+02
2.931561279296875000e+02
2.932310180664062500e+02
2.932064208984375000e+02
2.931952514648437500e+02
2.929780578613281250e+02
2.930708923339843750e+02
2.930588684082031250e+02
2.931744689941406250e+02
2.932584228515625000e+02
2.932565612792968750e+02
2.931893310546875000e+02
2.931501464843750000e+02
2.931791381835937500e+02
2.931432800292968750e+02
2.929981079101562500e+02
2.930970764160156250e+02
2.934780883789062500e+02
2.935137023925781250e+02
2.932806701660156250e+02
2.932894592285156250e+02
2.932665100097656250e+02
2.932831420898437500e+02
2.933004150390625000e+02
2.933122558593750000e+02
2.932769165039062500e+02
2.933867797851562500e+02
2.935234069824218750e+02
2.933234863281250000e+02
2.933559265136718750e+02
2.933641357421875000e+02
2.933723144531250000e+02
2.934877929687500000e+02
2.932632446289062500e+02
2.932662353515625000e+02
2.932926025390625000e+02
2.933650817871093750e+02
2.934563598632812500e+02
2.934556579589843750e+02
2.933655395507812500e+02
2.932985839843750000e+02
2.934194946289062500e+02
2.933418579101562500e+02
2.933381042480468750e+02
2.933248901367187500e+02
2.934064636230468750e+02
2.935965881347656250e+02
2.935605468750000000e+02
2.935986633300781250e+02
2.936096496582031250e+02
2.938470764160156250e+02
2.936414794921875000e+02
2.937376098632812500e+02
2.935706481933593750e+02
2.937444152832031250e+02
2.938710021972656250e+02
2.941322937011718750e+02
2.939958496093750000e+02
2.938771667480468750e+02
2.940242919921875000e+02
2.945746459960937500e+02
2.952678527832031250e+02
2.904569396972656250e+02
2.916491088867187500e+02
2.919151916503906250e+02
2.922010192871093750e+02
2.922659301757812500e+02
2.921323547363281250e+02
2.921992187500000000e+02
2.923342285156250000e+02
2.923261413574218750e+02
2.922514343261718750e+02
2.923436279296875000e+02
2.926294555664062500e+02
2.926490478515625000e+02
2.924476318359375000e+02
2.925127868652343750e+02
2.924846191406250000e+02
2.924349975585937500e+02
2.926314392089843750e+02
2.925857543945312500e+02
2.926685485839843750e+02
2.926574096679687500e+02
2.926391601562500000e+02
2.924833679199218750e+02
2.924241027832031250e+02
2.925704650878906250e+02
2.926659545898437500e+02
2.925777893066406250e+02
2.924514465332031250e+02
2.924183349609375000e+02
2.925230712890625000e+02
2.925087280273437500e+02
2.924869995117187500e+02
2.928234863281250000e+02
2.926961975097656250e+02
2.927368469238281250e+02
2.927870788574218750e+02
2.928713989257812500e+02
2.929369506835937500e+02
2.928022460937500000e+02
2.927747497558593750e+02
2.928755798339843750e+02
2.929414062500000000e+02
2.929274902343750000e+02
2.929528808593750000e+02
2.928962402343750000e+02
2.928305358886718750e+02
2.927512817382812500e+02
2.928111572265625000e+02
2.929208374023437500e+02
2.928565979003906250e+02
2.929667663574218750e+02
2.928077087402343750e+02
2.931991882324218750e+02
2.932177734375000000e+02
2.929891052246093750e+02
2.930274047851562500e+02
2.931510009765625000e+02
2.931215515136718750e+02
2.930131835937500000e+02
2.930702819824218750e+02
2.932283325195312500e+02
2.930300292968750000e+02
2.930767517089843750e+02
2.930365295410156250e+02
2.931339721679687500e+02
2.932777099609375000e+02
2.933881530761718750e+02
2.932734680175781250e+02
2.933954162597656250e+02
2.933730468750000000e+02
2.934803466796875000e+02
2.932840270996093750e+02
2.934938964843750000e+02
2.934251098632812500e+02
2.935426635742187500e+02
2.935162048339843750e+02
2.933063659667968750e+02
2.934266052246093750e+02
2.934597167968750000e+02
2.935225219726562500e+02
2.934815673828125000e+02
2.933489379882812500e+02
2.934415283203125000e+02
2.933386840820312500e+02
2.933921508789062500e+02
2.933854370117187500e+02
2.933480224609375000e+02
2.937845764160156250e+02
2.936959838867187500e+02
2.936103210449218750e+02
2.936967163085937500e+02
2.936632080078125000e+02
2.936619567871093750e+02
2.936432495117187500e+02
2.936651916503906250e+02
2.938766784667968750e+02
2.939246215820312500e+02
2.939686584472656250e+02
2.943486633300781250e+02
2.943603210449218750e+02
2.943880920410156250e+02
2.905436706542968750e+02
2.920219726562500000e+02
2.922685241699218750e+02
2.923770141601562500e+02
2.923804931640625000e+02
2.923011169433593750e+02
2.923446044921875000e+02
2.924900817871093750e+02
2.926370239257812500e+02
2.926375122070312500e+02
2.925993957519531250e+02
2.925279846191406250e+02
2.926645812988281250e+02
2.926720581054687500e+02
2.925974121093750000e+02
2.926787719726562500e+02
2.929333190917968750e+02
2.928049621582031250e+02
2.928481140136718750e+02
2.929091796875000000e+02
2.929189453125000000e+02
2.929180908203125000e+02
2.929907226562500000e+02
2.932099914550781250e+02
2.930504760742187500e+02
2.931161499023437500e+02
2.931282958984375000e+02
2.931557312011718750e+02
2.932751464843750000e+02
2.934918212890625000e+02
2.933216247558593750e+02
2.932882995605468750e+02
2.935311279296875000e+02
2.935475463867187500e+02
2.935162963867187500e+02
2.935391540527343750e+02
2.933122253417968750e+02
2.935156250000000000e+02
2.934525756835937500e+02
2.934339294433593750e+02
2.937724914550781250e+02
2.936268615722656250e+02
2.937391662597656250e+02
2.937791442871093750e+02
2.936656799316406250e+02
2.936745910644531250e+02
2.937413635253906250e+02
2.935640869140625000e+02
2.936973876953125000e+02
2.938764038085937500e+02
2.940116577148437500e+02
2.943046569824218750e+02
2.942342224121093750e+02
2.941777954101562500e+02
2.941624755859375000e+02
2.943027648925781250e+02
2.947427673339843750e+02
2.906598510742187500e+02
2.906394348144531250e+02
2.923217773437500000e+02
2.925601501464843750e+02
2.923843994140625000e+02
2.924931335449218750e+02
2.925789489746093750e+02
2.925669250488281250e+02
2.925267639160156250e+02
2.926621704101562500e+02
2.925921936035156250e+02
2.925122375488281250e+02
2.924845275878906250e+02
2.925744628906250000e+02
2.927081298828125000e+02
2.927537536621093750e+02
2.928016357421875000e+02
2.927394104003906250e+02
2.928240661621093750e+02
2.928496704101562500e+02
2.927333374023437500e+02
2.927612915039062500e+02
2.928273010253906250e+02
2.932565612792968750e+02
2.930521240234375000e+02
2.929898071289062500e+02
2.930831909179687500e+02
2.930812072753906250e+02
2.935077209472656250e+02
2.938887023925781250e+02
2.939617309570312500e+02
2.906840209960937500e+02
2.921835937500000000e+02
2.926082153320312500e+02
2.924282226562500000e+02
2.927366333007812500e+02
2.928772583007812500e+02
2.944504089355468750e+02
2.952112121582031250e+02
2.912702026367187500e+02
2.915598754882812500e+02
2.928896789550781250e+02
2.936314697265625000e+02
2.936485900878906250e+02
2.938434448242187500e+02
2.939595642089843750e+02
2.948300781250000000e+02
2.950287475585937500e+02
2.935028991699218750e+02
2.937624816894531250e+02
2.935746765136718750e+02
2.940923156738281250e+02
2.947496032714843750e+02
2.930253295898437500e+02
2.932816772460937500e+02
2.930216674804687500e+02
2.938542480468750000e+02
