3.261769714355468750e+02
3.262997131347656250e+02
3.265512084960937500e+02
3.264422302246093750e+02
3.268005676269531250e+02
3.259522094726562500e+02
3.259866027832031250e+02
3.261474609375000000e+02
3.262114257812500000e+02
3.263476867675781250e+02
3.265120849609375000e+02
3.262163085937500000e+02
3.264382629394531250e+02
3.264449462890625000e+02
3.263399658203125000e+02
3.265638732910156250e+02
3.267643127441406250e+02
3.263598632812500000e+02
3.263135070800781250e+02
3.264322509765625000e+02
3.264887084960937500e+02
3.261541137695312500e+02
3.262836914062500000e+02
3.262578735351562500e+02
3.263560180664062500e+02
3.263909912109375000e+02
3.264250488281250000e+02
3.265397033691406250e+02
3.263952941894531250e+02
3.263778076171875000e+02
3.264537658691406250e+02
3.268179931640625000e+02
3.267174377441406250e+02
3.273003540039062500e+02
3.262806091308593750e+02
3.261884765625000000e+02
3.263578186035156250e+02
3.263620300292968750e+02
3.262129516601562500e+02
3.263061218261718750e+02
3.263034973144531250e+02
3.262537536621093750e+02
3.263603210449218750e+02
3.263608398437500000e+02
3.263583068847656250e+02
3.263602294921875000e+02
3.263284606933593750e+02
3.263669433593750000e+02
3.263592529296875000e+02
3.263502807617187500e+02
3.263508911132812500e+02
3.263192443847656250e+02
3.263897399902343750e+02
3.263825378417968750e+02
3.263804626464843750e+02
3.264822082519531250e+02
3.264147644042968750e+02
3.264484252929687500e+02
3.264527282714843750e+02
3.264705200195312500e+02
3.263865966796875000e+02
3.263855285644531250e+02
3.263705444335937500e+02
3.263677978515625000e+02
3.263743591308593750e+02
3.263864135742187500e+02
3.263825683593750000e+02
3.263759155273437500e+02
3.263698425292968750e+02
3.264597473144531250e+02
3.264952697753906250e+02
3.264190063476562500e+02
3.264253234863281250e+02
3.266955261230468750e+02
3.270382995605468750e+02
3.257322387695312500e+02
3.262372436523437500e+02
3.262382507324218750e+02
3.263729553222656250e+02
3.264381103515625000e+02
3.264136657714843750e+02
3.264588012695312500e+02
3.265520019531250000e+02
3.272286376953125000e+02
3.259939880371093750e+02
3.262912597656250000e+02
3.262673645019531250e+02
3.263480529785156250e+02
3.262263183593750000e+02
3.260128173828125000e+02
3.261302185058593750e+02
3.256109619140625000e+02
3.261152038574218750e+02
3.259771118164062500e+02
3.261512145996093750e+02
3.263847045898437500e+02
3.269954223632812500e+02
3.257456359863281250e+02
3.257723693847656250e+02
3.258792419433593750e+02
3.261016845703125000e+02
3.261612243652343750e+02
3.261320190429687500e+02
3.263457031250000000e+02
3.264216308593750000e+02
3.263696899414062500e+02
3.265425109863281250e+02
3.266980590820312500e+02
3.256280212402343750e+02
3.261696777343750000e+02
3.262526550292968750e+02
3.263523254394531250e+02
3.268892211914062500e+02
3.262882690429687500e+02
3.263787536621093750e+02
3.259727172851562500e+02
3.263273925781250000e+02
3.261355285644531250e+02
3.263354492187500000e+02
3.266251831054687500e+02
3.266249084472656250e+02
3.257118225097656250e+02
3.261882324218750000e+02
3.266288452148437500e+02
3.253228149414062500e+02
3.260079956054687500e+02
3.259330139160156250e+02
3.264943847656250000e+02
3.264293212890625000e+02
3.263738403320312500e+02
3.263789062500000000e+02
3.257198181152343750e+02
3.263732604980468750e+02
3.259673461914062500e+02
3.261705322265625000e+02
3.267464904785156250e+02
3.264148254394531250e+02
3.264829101562500000e+02
3.260377807617187500e+02
3.262612609863281250e+02
3.261655273437500000e+02
3.263951110839843750e+02
3.270114746093750000e+02
3.242106628417968750e+02
3.258863525390625000e+02
3.264132690429687500e+02
3.264548645019531250e+02
3.246647644042968750e+02
3.259379882812500000e+02
3.260641479492187500e+02
3.260470581054687500e+02
3.262409362792968750e+02
3.235884399414062500e+02
3.236138916015625000e+02
3.236294860839843750e+02
3.246188964843750000e+02
3.257330322265625000e+02
3.261774597167968750e+02
3.254525146484375000e+02
3.263770141601562500e+02
3.265294799804687500e+02
3.264143676757812500e+02
3.267442626953125000e+02
3.249308166503906250e+02
3.259129028320312500e+02
3.265005493164062500e+02
3.236292724609375000e+02
3.236530456542968750e+02
3.263325500488281250e+02
3.269157409667968750e+02
3.258873596191406250e+02
3.261328125000000000e+02
3.262360229492187500e+02
3.263071289062500000e+02
3.265390930175781250e+02
3.266186218261718750e+02
3.257895507812500000e+02
3.264300537109375000e+02
3.259880371093750000e+02
3.261144104003906250e+02
3.265140075683593750e+02
3.261692504882812500e+02
3.253908386230468750e+02
3.259523315429687500e+02
3.258239135742187500e+02
3.258026733398437500e+02
3.259940490722656250e+02
3.263142700195312500e+02
3.263454589843750000e+02
3.266161499023437500e+02
3.236135864257812500e+02
3.262370605468750000e+02
3.280528564453125000e+02
3.243019714355468750e+02
3.265125732421875000e+02
3.266085815429687500e+02
3.264305114746093750e+02
3.260567016601562500e+02
3.265967407226562500e+02
3.265979919433593750e+02
3.266424560546875000e+02
3.258966369628906250e+02
3.259181213378906250e+02
3.259422912597656250e+02
3.262345275878906250e+02
3.263395690917968750e+02
3.264212951660156250e+02
3.251113891601562500e+02
3.259515686035156250e+02
3.259992980957031250e+02
3.258183593750000000e+02
3.261890258789062500e+02
3.262400207519531250e+02
3.255066528320312500e+02
3.258219299316406250e+02
3.259580993652343750e+02
3.258877563476562500e+02
3.261799926757812500e+02
3.272150268554687500e+02
3.269758605957031250e+02
3.250226440429687500e+02
3.261405334472656250e+02
3.240407104492187500e+02
3.248191833496093750e+02
3.274212646484375000e+02
3.280078430175781250e+02
3.280495605468750000e+02
3.245401916503906250e+02
3.245826416015625000e+02
3.245401916503906250e+02
3.248423461914062500e+02
3.248226928710937500e+02
3.263235168457031250e+02
3.260823669433593750e+02
3.256554260253906250e+02
3.262109375000000000e+02
3.263088378906250000e+02
3.255789184570312500e+02
3.258105468750000000e+02
3.257841796875000000e+02
3.258641052246093750e+02
3.259917602539062500e+02
3.262893371582031250e+02
3.267811584472656250e+02
3.254869384765625000e+02
3.256033020019531250e+02
3.257887573242187500e+02
3.260383605957031250e+02
3.259242858886718750e+02
3.260272521972656250e+02
3.258628234863281250e+02
3.258515014648437500e+02
3.260883178710937500e+02
3.261352539062500000e+02
3.261396789550781250e+02
3.261015319824218750e+02
3.262111511230468750e+02
3.261668090820312500e+02
3.261631164550781250e+02
3.264173278808593750e+02
3.264332580566406250e+02
3.265161437988281250e+02
3.265327453613281250e+02
3.266714477539062500e+02
3.268329162597656250e+02
3.270086975097656250e+02
3.273612670898437500e+02
3.252430419921875000e+02
3.256669616699218750e+02
3.260570678710937500e+02
3.262965393066406250e+02
3.264229431152343750e+02
3.266621398925781250e+02
3.256426391601562500e+02
3.255576782226562500e+02
3.257513427734375000e+02
3.257731933593750000e+02
3.258565063476562500e+02
3.260678100585937500e+02
3.260090637207031250e+02
3.261119689941406250e+02
3.262902526855468750e+02
3.263322448730468750e+02
3.260971984863281250e+02
3.262833557128906250e+02
3.263535461425781250e+02
3.252578125000000000e+02
3.255563659667968750e+02
3.256170654296875000e+02
3.258777770996093750e+02
3.262837829589843750e+02
3.248890686035156250e+02
3.249533081054687500e+02
3.261431884765625000e+02
3.261032104492187500e+02
3.278028259277343750e+02
3.253461914062500000e+02
3.270569763183593750e+02
3.254506530761718750e+02
3.260981140136718750e+02
3.262856445312500000e+02
3.270247192382812500e+02
3.262050476074218750e+02
3.266488037109375000e+02
3.254508361816406250e+02
3.258052062988281250e+02
3.265397644042968750e+02
3.282859802246093750e+02
3.259016723632812500e+02
3.259655456542968750e+02
3.261923217773437500e+02
3.262886962890625000e+02
3.256493530273437500e+02
3.256799621582031250e+02
3.257416381835937500e+02
3.258089904785156250e+02
3.258612060546875000e+02
3.259058227539062500e+02
3.260073547363281250e+02
3.260556030273437500e+02
3.259938049316406250e+02
3.261950988769531250e+02
3.263504028320312500e+02
3.261236267089843750e+02
3.261256103515625000e+02
3.263154296875000000e+02
3.263755493164062500e+02
3.264888000488281250e+02
3.265237121582031250e+02
3.264347839355468750e+02
3.265195007324218750e+02
3.264924621582031250e+02
3.264085693359375000e+02
3.264055175781250000e+02
3.264773254394531250e+02
3.264639892578125000e+02
3.267049865722656250e+02
3.267968444824218750e+02
3.271706542968750000e+02
3.255668029785156250e+02
3.258675842285156250e+02
3.258257141113281250e+02
3.258452148437500000e+02
3.258923950195312500e+02
3.259182739257812500e+02
3.260310974121093750e+02
3.259635314941406250e+02
3.260502319335937500e+02
3.259794616699218750e+02
3.259858093261718750e+02
3.260448608398437500e+02
3.260652465820312500e+02
3.261797180175781250e+02
3.262854309082031250e+02
3.261793518066406250e+02
3.261188354492187500e+02
3.261823730468750000e+02
3.260861511230468750e+02
3.261179199218750000e+02
3.261246337890625000e+02
3.261105346679687500e+02
3.261360168457031250e+02
3.260952453613281250e+02
3.261152954101562500e+02
3.261404113769531250e+02
3.261741943359375000e+02
3.261191101074218750e+02
3.263142395019531250e+02
3.262500305175781250e+02
3.263695373535156250e+02
3.263969726562500000e+02
3.264902343750000000e+02
3.264746704101562500e+02
3.254226379394531250e+02
3.254301452636718750e+02
3.256360778808593750e+02
3.257695617675781250e+02
3.258724670410156250e+02
3.258680725097656250e+02
3.257994995117187500e+02
3.258667602539062500e+02
3.260251159667968750e+02
3.259458312988281250e+02
3.260201721191406250e+02
3.260172119140625000e+02
3.259524536132812500e+02
3.260173645019531250e+02
3.260707702636718750e+02
3.258480224609375000e+02
3.258930664062500000e+02
3.261061096191406250e+02
3.261049804687500000e+02
3.261991271972656250e+02
3.261572570800781250e+02
3.263516540527343750e+02
3.260819396972656250e+02
3.262644348144531250e+02
3.265289611816406250e+02
3.254911193847656250e+02
3.255740356445312500e+02
3.257790527343750000e+02
3.259133300781250000e+02
3.259583435058593750e+02
3.259793090820312500e+02
3.260275573730468750e+02
3.260065917968750000e+02
3.261499328613281250e+02
3.263555908203125000e+02
3.265127563476562500e+02
3.264480590820312500e+02
3.265570068359375000e+02
3.254136657714843750e+02
3.258720092773437500e+02
3.260541687011718750e+02
3.249718017578125000e+02
3.260289611816406250e+02
3.264447021484375000e+02
3.264470214843750000e+02
3.264162902832031250e+02
3.240783081054687500e+02
3.250962829589843750e+02
3.254206237792968750e+02
3.257760620117187500e+02
3.260958862304687500e+02
3.263921813964843750e+02
3.260232238769531250e+02
3.263715209960937500e+02
3.246559448242187500e+02
3.245714111328125000e+02
3.256971435546875000e+02
3.256380310058593750e+02
3.264566345214843750e+02
3.267525634765625000e+02
3.262152099609375000e+02
3.260101318359375000e+02
3.263859863281250000e+02
3.257290039062500000e+02
3.261833190917968750e+02
3.261760253906250000e+02
3.263031005859375000e+02
3.263183593750000000e+02
3.263185729980468750e+02
3.262766113281250000e+02
3.257729187011718750e+02
3.257255249023437500e+02
3.258760986328125000e+02
3.261490478515625000e+02
3.261051940917968750e+02
3.264058532714843750e+02
3.266928405761718750e+02
3.256625671386718750e+02
3.257744140625000000e+02
3.260428466796875000e+02
3.260115356445312500e+02
3.262808532714843750e+02
3.262062988281250000e+02
3.263903808593750000e+02
3.252395019531250000e+02
3.257702331542968750e+02
3.259193115234375000e+02
3.259170532226562500e+02
3.263583068847656250e+02
3.261979064941406250e+02
3.261648254394531250e+02
3.262999877929687500e+02
3.262758789062500000e+02
3.263644409179687500e+02
3.263331298828125000e+02
3.262782897949218750e+02
3.263663024902343750e+02
3.263835144042968750e+02
3.263699035644531250e+02
3.263930664062500000e+02
3.263958129882812500e+02
3.263983459472656250e+02
3.264078063964843750e+02
3.264427185058593750e+02
3.266684265136718750e+02
3.269181213378906250e+02
3.252465820312500000e+02
3.256614074707031250e+02
3.256591796875000000e+02
3.255899353027343750e+02
3.255915222167968750e+02
3.255805664062500000e+02
3.258810729980468750e+02
3.257980957031250000e+02
3.258929748535156250e+02
3.258442077636718750e+02
3.258688354492187500e+02
3.258623962402343750e+02
3.259911193847656250e+02
3.260129699707031250e+02
3.259827270507812500e+02
3.260544738769531250e+02
3.260094909667968750e+02
3.260393066406250000e+02
3.259616699218750000e+02
3.260581054687500000e+02
3.260518493652343750e+02
3.260103454589843750e+02
3.260470886230468750e+02
3.260362243652343750e+02
3.260354309082031250e+02
3.260460510253906250e+02
3.260151977539062500e+02
3.260095825195312500e+02
3.260191650390625000e+02
3.260260925292968750e+02
3.259107971191406250e+02
3.260665283203125000e+02
3.261286621093750000e+02
3.260957031250000000e+02
3.261181030273437500e+02
3.260924377441406250e+02
3.262625427246093750e+02
3.263228454589843750e+02
3.262926330566406250e+02
3.262703247070312500e+02
3.261842956542968750e+02
3.261151428222656250e+02
3.265828247070312500e+02
3.264495544433593750e+02
3.264996337890625000e+02
3.264925842285156250e+02
3.265579223632812500e+02
3.267604064941406250e+02
3.255974121093750000e+02
3.256725463867187500e+02
3.256333007812500000e+02
3.255956420898437500e+02
3.257227172851562500e+02
3.258664855957031250e+02
3.258109741210937500e+02
3.258564147949218750e+02
3.260260314941406250e+02
3.260569763183593750e+02
3.260039062500000000e+02
3.259771423339843750e+02
3.260099487304687500e+02
3.260082397460937500e+02
3.259787902832031250e+02
3.260306396484375000e+02
3.260622253417968750e+02
3.260528564453125000e+02
3.260620422363281250e+02
3.260414428710937500e+02
3.259247131347656250e+02
3.259741210937500000e+02
3.260642089843750000e+02
3.260723876953125000e+02
3.260475463867187500e+02
3.260647583007812500e+02
3.260129394531250000e+02
3.260521240234375000e+02
3.257840881347656250e+02
3.259526977539062500e+02
3.260391540527343750e+02
3.259759826660156250e+02
3.260161743164062500e+02
3.260250549316406250e+02
3.259190368652343750e+02
3.259564514160156250e+02
3.260729370117187500e+02
3.260295410156250000e+02
3.260851440429687500e+02
3.260913085937500000e+02
3.260882568359375000e+02
3.260983581542968750e+02
3.261051635742187500e+02
3.261347961425781250e+02
3.261699218750000000e+02
3.260934448242187500e+02
3.261094970703125000e+02
3.262201232910156250e+02
3.261638488769531250e+02
3.260838623046875000e+02
3.260921936035156250e+02
3.260813293457031250e+02
3.261358032226562500e+02
3.261125488281250000e+02
3.263473510742187500e+02
3.265751953125000000e+02
3.263889465332031250e+02
3.264404296875000000e+02
3.265331420898437500e+02
3.266233215332031250e+02
3.263841552734375000e+02
3.264979553222656250e+02
3.265721435546875000e+02
3.272017822265625000e+02
3.251995544433593750e+02
3.255251464843750000e+02
3.255223999023437500e+02
3.255701293945312500e+02
3.256890258789062500e+02
3.256631164550781250e+02
3.256411437988281250e+02
3.257747802734375000e+02
3.258895874023437500e+02
3.259526672363281250e+02
3.259265441894531250e+02
3.258848266601562500e+02
3.259119262695312500e+02
3.259330139160156250e+02
3.258831481933593750e+02
3.259268798828125000e+02
3.259854431152343750e+02
3.259480285644531250e+02
3.260308227539062500e+02
3.260607299804687500e+02
3.260139160156250000e+02
3.260473937988281250e+02
3.260294494628906250e+02
3.262427978515625000e+02
3.263128662109375000e+02
3.264811401367187500e+02
3.266323242187500000e+02
3.266366271972656250e+02
3.256861267089843750e+02
3.257948608398437500e+02
3.258808288574218750e+02
3.259566650390625000e+02
3.259497070312500000e+02
3.259032592773437500e+02
3.260578308105468750e+02
3.261399536132812500e+02
3.261707458496093750e+02
3.263325805664062500e+02
3.264078063964843750e+02
3.265173034667968750e+02
3.254879150390625000e+02
3.257467346191406250e+02
3.258118286132812500e+02
3.258019104003906250e+02
3.261359863281250000e+02
3.261590270996093750e+02
3.260794067382812500e+02
3.264593505859375000e+02
3.264537048339843750e+02
3.267888183593750000e+02
3.254306640625000000e+02
3.258085021972656250e+02
3.259743347167968750e+02
3.260041503906250000e+02
3.259530944824218750e+02
3.259568176269531250e+02
3.260084838867187500e+02
3.250322265625000000e+02
3.252212524414062500e+02
3.249069519042968750e+02
3.259651184082031250e+02
3.262853393554687500e+02
3.264328918457031250e+02
3.252936706542968750e+02
3.252993774414062500e+02
3.252638549804687500e+02
3.256878967285156250e+02
3.266027221679687500e+02
3.244975280761718750e+02
3.254192199707031250e+02
3.257488403320312500e+02
3.257735595703125000e+02
3.262752075195312500e+02
3.264904174804687500e+02
3.267748413085937500e+02
3.269115295410156250e+02
3.260790405273437500e+02
3.261613769531250000e+02
3.262394714355468750e+02
3.262218017578125000e+02
3.266621704101562500e+02
3.269044799804687500e+02
3.274381713867187500e+02
3.257576599121093750e+02
3.257338256835937500e+02
3.257479248046875000e+02
3.260141296386718750e+02
3.263100585937500000e+02
3.262445983886718750e+02
3.263646850585937500e+02
3.262951660156250000e+02
3.261290588378906250e+02
3.262797241210937500e+02
3.263765869140625000e+02
3.264411010742187500e+02
3.265812377929687500e+02
3.267188720703125000e+02
3.254664001464843750e+02
3.255593872070312500e+02
3.257598571777343750e+02
3.256692810058593750e+02
3.255553894042968750e+02
3.255342102050781250e+02
3.256682739257812500e+02
3.258947448730468750e+02
3.259502563476562500e+02
3.259557189941406250e+02
3.262415771484375000e+02
3.262636413574218750e+02
3.262713012695312500e+02
3.263474731445312500e+02
3.264973144531250000e+02
3.266052551269531250e+02
3.266643981933593750e+02
3.251635742187500000e+02
3.252884826660156250e+02
3.255727539062500000e+02
3.255792846679687500e+02
3.256210937500000000e+02
3.258295288085937500e+02
3.259726867675781250e+02
3.260229492187500000e+02
3.260274353027343750e+02
3.260101623535156250e+02
3.260222473144531250e+02
3.263239440917968750e+02
3.261862487792968750e+02
3.261256103515625000e+02
3.261101074218750000e+02
3.262578430175781250e+02
3.262344970703125000e+02
3.262166137695312500e+02
3.262020263671875000e+02
3.264804992675781250e+02
3.263903198242187500e+02
3.266582641601562500e+02
3.264182434082031250e+02
3.254498291015625000e+02
3.256367187500000000e+02
3.256080627441406250e+02
3.258938598632812500e+02
3.258557128906250000e+02
3.259599609375000000e+02
3.259296264648437500e+02
3.259633178710937500e+02
3.260428161621093750e+02
3.260376892089843750e+02
3.258939819335937500e+02
3.258811035156250000e+02
3.259000549316406250e+02
3.259042358398437500e+02
3.258923645019531250e+02
3.258880310058593750e+02
3.259933166503906250e+02
3.259563598632812500e+02
3.259086914062500000e+02
3.259640197753906250e+02
3.259580688476562500e+02
3.259431762695312500e+02
3.261611328125000000e+02
3.261204223632812500e+02
3.261699218750000000e+02
3.261471252441406250e+02
3.263172912597656250e+02
3.262519531250000000e+02
3.261686096191406250e+02
3.262124328613281250e+02
3.261794738769531250e+02
3.262993164062500000e+02
3.265430908203125000e+02
3.267411193847656250e+02
3.254744262695312500e+02
3.254297485351562500e+02
3.257264404296875000e+02
3.257444458007812500e+02
3.255151367187500000e+02
3.256041259765625000e+02
3.258319702148437500e+02
3.257976074218750000e+02
3.259561157226562500e+02
3.258713684082031250e+02
3.259141235351562500e+02
3.258617248535156250e+02
3.258765869140625000e+02
3.258711547851562500e+02
3.258984375000000000e+02
3.258564453125000000e+02
3.259396667480468750e+02
3.259338073730468750e+02
3.259172058105468750e+02
3.259185791015625000e+02
3.259422607421875000e+02
3.259599914550781250e+02
3.259730529785156250e+02
3.261618957519531250e+02
3.261399536132812500e+02
3.263687438964843750e+02
3.264768066406250000e+02
3.263987731933593750e+02
3.265633544921875000e+02
3.255015869140625000e+02
3.256248168945312500e+02
3.257550659179687500e+02
3.259055480957031250e+02
3.258673095703125000e+02
3.260441284179687500e+02
3.258825683593750000e+02
3.261927185058593750e+02
3.262425842285156250e+02
3.254179992675781250e+02
3.254923706054687500e+02
3.256580200195312500e+02
3.257893066406250000e+02
3.261558837890625000e+02
3.254464721679687500e+02
3.248773803710937500e+02
3.245148620605468750e+02
3.265869140625000000e+02
3.257866210937500000e+02
3.250757141113281250e+02
3.250180969238281250e+02
3.260321960449218750e+02
3.259576110839843750e+02
3.259526977539062500e+02
3.262380065917968750e+02
3.266696472167968750e+02
3.268311767578125000e+02
3.252514038085937500e+02
3.254880981445312500e+02
3.255368347167968750e+02
3.256697998046875000e+02
3.256394653320312500e+02
3.255322265625000000e+02
3.259504394531250000e+02
3.258961486816406250e+02
3.260112304687500000e+02
3.261468811035156250e+02
3.262324218750000000e+02
3.265703735351562500e+02
3.264690246582031250e+02
3.264064331054687500e+02
3.264673461914062500e+02
3.266506347656250000e+02
3.266865844726562500e+02
3.266721801757812500e+02
3.267652282714843750e+02
3.267954711914062500e+02
3.272541809082031250e+02
3.252298889160156250e+02
3.256430053710937500e+02
3.256981811523437500e+02
3.259587707519531250e+02
3.260028381347656250e+02
3.258800354003906250e+02
3.261945800781250000e+02
3.261794433593750000e+02
3.260944824218750000e+02
3.260849914550781250e+02
3.262071533203125000e+02
3.263000183105468750e+02
3.262955322265625000e+02
3.263805236816406250e+02
3.264640197753906250e+02
3.264929199218750000e+02
3.265750122070312500e+02
3.266782226562500000e+02
3.266808776855468750e+02
3.272367858886718750e+02
3.258997497558593750e+02
3.258819580078125000e+02
3.259893188476562500e+02
3.260606994628906250e+02
3.259224243164062500e+02
3.259967651367187500e+02
3.261230163574218750e+02
3.261293640136718750e+02
3.261934814453125000e+02
3.265027160644531250e+02
3.267925415039062500e+02
3.267619628906250000e+02
3.287144775390625000e+02
3.254071350097656250e+02
3.254153137207031250e+02
3.255527648925781250e+02
3.256626892089843750e+02
3.255324096679687500e+02
3.256418457031250000e+02
3.257267456054687500e+02
3.257337646484375000e+02
3.257413940429687500e+02
3.257399597167968750e+02
3.257540893554687500e+02
3.258471984863281250e+02
3.258993530273437500e+02
3.258774108886718750e+02
3.258143615722656250e+02
3.258233337402343750e+02
3.259876098632812500e+02
3.259217834472656250e+02
3.259580688476562500e+02
3.259316406250000000e+02
3.262384948730468750e+02
3.266338195800781250e+02
3.257326049804687500e+02
3.257628173828125000e+02
3.258012390136718750e+02
3.258848266601562500e+02
3.258533935546875000e+02
3.259771728515625000e+02
3.259107360839843750e+02
3.266384277343750000e+02
3.256869812011718750e+02
3.257834472656250000e+02
3.266872253417968750e+02
3.258065795898437500e+02
3.258905639648437500e+02
3.259846496582031250e+02
3.250675659179687500e+02
3.262164001464843750e+02
3.259314880371093750e+02
3.263319396972656250e+02
3.263855285644531250e+02
3.264943847656250000e+02
3.272211303710937500e+02
3.251681823730468750e+02
3.256550598144531250e+02
3.257992553710937500e+02
3.260797424316406250e+02
3.262351684570312500e+02
3.260947875976562500e+02
3.263765563964843750e+02
3.280513000488281250e+02
3.257519531250000000e+02
3.256532592773437500e+02
3.258015136718750000e+02
3.261071472167968750e+02
3.261512451171875000e+02
3.264273071289062500e+02
3.264865722656250000e+02
3.254071655273437500e+02
3.257084045410156250e+02
3.259346618652343750e+02
3.263451843261718750e+02
3.262297973632812500e+02
3.266260681152343750e+02
3.257646789550781250e+02
3.256785278320312500e+02
3.256573791503906250e+02
3.255898132324218750e+02
3.258816223144531250e+02
3.258944702148437500e+02
3.258699340820312500e+02
3.259627990722656250e+02
3.262022705078125000e+02
3.262345275878906250e+02
3.263944091796875000e+02
3.267768859863281250e+02
3.256817016601562500e+02
3.257811279296875000e+02
3.256618347167968750e+02
3.257803955078125000e+02
3.258943176269531250e+02
3.258192138671875000e+02
3.261661682128906250e+02
3.264641113281250000e+02
3.265065307617187500e+02
3.258631591796875000e+02
3.259232788085937500e+02
3.254821166992187500e+02
3.256351928710937500e+02
3.257758483886718750e+02
3.259131774902343750e+02
3.265170593261718750e+02
3.268192138671875000e+02
3.248630065917968750e+02
3.266882324218750000e+02
3.281642456054687500e+02
3.254601135253906250e+02
3.255211486816406250e+02
3.259304809570312500e+02
3.259102172851562500e+02
3.260783691406250000e+02
3.262637939453125000e+02
3.263919067382812500e+02
3.266763000488281250e+02
3.271437377929687500e+02
3.274723510742187500e+02
3.282716674804687500e+02
3.255108032226562500e+02
3.260219421386718750e+02
3.263392639160156250e+02
3.261172180175781250e+02
3.263804321289062500e+02
3.264143676757812500e+02
3.264660339355468750e+02
3.283622436523437500e+02
3.284749450683593750e+02
3.254986267089843750e+02
3.256734313964843750e+02
3.258262939453125000e+02
3.261641235351562500e+02
3.269177551269531250e+02
3.261209106445312500e+02
3.252471008300781250e+02
3.268913879394531250e+02
3.267717285156250000e+02
3.271595153808593750e+02
3.268091735839843750e+02
3.282042236328125000e+02
3.263028259277343750e+02
3.262613525390625000e+02
3.265105590820312500e+02
3.255804443359375000e+02
3.270209045410156250e+02
3.256990966796875000e+02
3.253342590332031250e+02
3.253160400390625000e+02
3.260891418457031250e+02
3.277127990722656250e+02
3.247779541015625000e+02
3.252923583984375000e+02
3.255820312500000000e+02
3.267281494140625000e+02
3.250565185546875000e+02
3.269328613281250000e+02
3.268897705078125000e+02
3.255138244628906250e+02
3.274737548828125000e+02
3.254765930175781250e+02
3.271918334960937500e+02
3.251754150390625000e+02
