3.00605e-05
1.8927e-05
1.28036e-05
1.83703e-05
1.39169e-05
1.22469e-05
1.55869e-05
1.61436e-05
1.78137e-05
1.83703e-05
1.78137e-05
2.17104e-05
2.44938e-05
2.11537e-05
2.0597e-05
2.95039e-05
3.67407e-05
2.67205e-05
2.78338e-05
3.6184e-05
3.11739e-05
3.72973e-05
3.22872e-05
4.23074e-05
4.56475e-05
5.23276e-05
4.73175e-05
5.62243e-05
5.73377e-05
6.23478e-05
7.12546e-05
7.45947e-05
8.29448e-05
7.68214e-05
8.35015e-05
9.51917e-05
0.000119129
0.000131932
0.000150859
0.000183703
0.000214877
0.000246608
0.000298379
0.00036017
0.000484309
0.000639621
0.000988658
0.00166335
0.00394851
0.126486
0.12597
0.00390731
0.00169452
0.000941897
0.000687496
0.000477072
0.000356273
0.000292812
0.000236588
0.000198177
0.000173126
0.000158096
0.000148076
0.000114119
0.000113562
0.000102985
8.18315e-05
7.84914e-05
6.23478e-05
6.40178e-05
5.45543e-05
5.45543e-05
5.01009e-05
4.73175e-05
5.23276e-05
5.23276e-05
4.28641e-05
3.22872e-05
3.7854e-05
3.9524e-05
2.28237e-05
3.06172e-05
3.50706e-05
2.17104e-05
2.33804e-05
2.83905e-05
2.72772e-05
2.0597e-05
2.33804e-05
1.8927e-05
1.8927e-05
2.39371e-05
1.61436e-05
2.11537e-05
1.22469e-05
1.78137e-05
2.00404e-05
2.17104e-05
1.33602e-05
1.22469e-05
