1.11335e-06
0
5.56677e-07
5.56677e-07
2.22671e-06
1.67003e-06
0
2.22671e-06
5.56677e-07
5.56677e-07
5.56677e-07
1.67003e-06
1.67003e-06
1.11335e-06
1.67003e-06
1.11335e-06
1.11335e-06
1.67003e-06
1.67003e-06
1.67003e-06
5.56677e-07
3.34006e-06
1.11335e-06
5.56677e-07
1.67003e-06
2.22671e-06
1.67003e-06
2.78338e-06
2.78338e-06
2.22671e-06
1.67003e-06
2.78338e-06
2.22671e-06
4.45341e-06
3.89674e-06
6.68012e-06
4.45341e-06
4.45341e-06
1.11335e-05
1.00202e-05
1.22469e-05
9.4635e-06
2.28237e-05
2.33804e-05
2.56071e-05
3.56273e-05
6.29045e-05
0.000111892
0.000274998
0.0162271
0.0163997
0.000282792
0.000112449
5.6781e-05
4.45341e-05
2.22671e-05
1.50303e-05
1.55869e-05
1.55869e-05
1.22469e-05
8.90683e-06
5.01009e-06
2.78338e-06
7.79347e-06
6.12344e-06
5.56677e-06
5.01009e-06
3.34006e-06
2.78338e-06
2.22671e-06
2.78338e-06
1.11335e-06
2.78338e-06
1.11335e-06
3.34006e-06
3.34006e-06
1.67003e-06
1.67003e-06
3.34006e-06
1.11335e-06
1.67003e-06
1.67003e-06
2.22671e-06
5.56677e-07
1.11335e-06
5.56677e-07
2.78338e-06
5.56677e-07
1.67003e-06
0
0
1.11335e-06
1.11335e-06
0
0
1.11335e-06
1.11335e-06
2.22671e-06
1.11335e-06
0
