0
0
0
0
0
0
0
0
0
0
0
0
0
5.56677e-07
0
0
0
0
0
0
0
5.56677e-07
5.56677e-07
0
5.56677e-07
0
0
5.56677e-07
1.11335e-06
5.56677e-07
1.11335e-06
5.56677e-07
1.67003e-06
5.56677e-07
0
0
1.67003e-06
0
1.67003e-06
5.56677e-07
2.22671e-06
5.56677e-06
2.22671e-06
3.89674e-06
2.78338e-06
8.35015e-06
1.44736e-05
2.39371e-05
5.6781e-05
0.0169007
0.0168718
5.78944e-05
1.67003e-05
7.2368e-06
3.34006e-06
4.45341e-06
2.22671e-06
1.67003e-06
4.45341e-06
1.11335e-06
3.34006e-06
0
0
5.56677e-07
0
5.56677e-07
5.56677e-07
5.56677e-07
0
5.56677e-07
5.56677e-07
0
0
0
0
0
0
0
0
0
0
0
0
0
0
0
0
5.56677e-07
0
0
0
0
0
0
0
0
0
0
0
0
