0
0
0
0
0
0
0
0
0
0
0
0
0
0
0
0
0
0
0
0
0
0
0
0
0
0
0
0
0
0
5.56677e-07
0
1.67003e-06
1.11335e-06
3.89674e-06
7.2368e-06
7.2368e-06
9.4635e-06
2.67205e-05
6.40178e-05
9.01816e-05
0.000148633
0.000289472
0.000456475
0.000788811
0.00142788
0.00235029
0.00400529
0.00673245
0.0107645
0.017473
0.0263408
0.0391822
0.0540967
0.0694014
0.0812703
0.0873993
0.0851465
0.0766015
0.065655
0.054389
0.0447151
0.0370535
0.0313637
0.0267739
0.0235647
0.0210925
0.0190845
0.0173906
0.0159482
0.0145532
0.013181
0.0114959
0.00989994
0.00824828
0.00641347
0.00487983
0.00362508
0.00243546
0.00158096
0.000994781
0.000592861
0.0003752
0.000224341
0.000120242
9.40784e-05
6.12344e-05
4.39775e-05
2.61638e-05
1.50303e-05
1.00202e-05
4.45341e-06
3.89674e-06
1.11335e-06
5.56677e-07
5.56677e-07
0
0
0
0
