0 0 0 0 0 0 0 0 0 0 0 0 0 0 0 0 0 0 0 0 0 0 0 0 0 0 0 0 0 0 0 0 0 0 0 0 0 0 0 0 0 0 0 0 0 0 0 0 0 0 0 0 0 0 0 0 0 0 0 0 0 0 0 0 0 0 0 0 0 0 0 0 0 0 0 0 0 0 0 0 0 0 0 0 0 0 0 0 0 0 0 0 0 0 0 0 0 0 0 0 
0 0 0 0 0 0 0 0 0 0 0 0 0 0 0 0 0 0 0 0 0 0 0 0 0 0 0 0 0 0 0 0 0 0 0 0 0 0 0 0 0 0 0 0 0 0 0 0 0 0 0 0 0 0 0 0 0 0 0 0 0 0 0 0 0 0 0 0 0 0 0 0 0 0 0 0 0 0 0 0 0 0 0 0 0 0 0 0 0 0 0 0 0 0 0 0 0 0 0 0 
0 0 0 0 0 0 0 0 0 0 0 0 0 0 0 0 0 0 0 0 0 0 0 0 0 0 0 0 0 0 0 0 0 0 0 0 0 0 0 0 0 0 0 0 0 0 0 0 0 0 0 0 0 0 0 0 0 0 0 0 0 0 0 0 0 0 0 0 0 0 0 0 0 0 0 0 0 0 0 0 0 0 0 0 0 0 0 0 0 0 0 0 0 0 0 0 0 0 0 0 
0 0 0 0 0 0 0 0 0 0 0 0 0 0 0 0 0 0 0 0 0 0 0 0 0 0 0 0 0 0 0 0 0 0 0 0 0 0 0 0 0 0 0 0 0 0 0 0 0 0 0 0 0 0 0 0 0 0 0 0 0 0 0 0 0 0 0 0 0 0 0 0 0 0 0 0 0 0 0 0 0 0 0 0 0 0 0 0 0 0 0 0 0 0 0 0 0 0 0 0 
0 0 0 0 0 0 0 0 0 0 0 0 0 0 0 0 0 0 0 0 0 0 0 0 0 0 0 0 0 0 0 0 0 0 0 0 0 0 0 0 0 0 0 0 0 0 0 0 0 0 0 0 0 0 0 0 0 0 0 0 0 0 0 0 0 0 0 0 0 0 0 0 0 0 0 0 0 0 0 0 0 0 0 0 0 0 0 0 0 0 0 0 0 0 0 0 0 0 0 0 
0 0 0 0 0 0 0 0 0 0 0 0 0 0 0 0 0 0 0 0 0 0 0 0 0 0 0 0 0 0 0 0 0 0 0 0 0 0 0 0 0 0 0 0 0 0 0 0 0 0 0 0 0 0 0 0 0 0 0 0 0 0 0 0 0 0 0 0 0 0 0 0 0 0 0 0 0 0 0 0 0 0 0 0 0 0 0 0 0 0 0 0 0 0 0 0 0 0 0 0 
0 0 5.56677e-07 0 0 0 0 0 0 0 0 0 0 0 0 0 0 0 0 0 0 0 0 0 0 0 0 0 0 0 0 0 0 0 0 0 0 0 0 0 0 0 0 0 0 0 0 0 0 0 0 0 0 0 0 0 0 0 0 0 0 0 0 0 0 0 0 0 0 0 0 0 0 0 0 0 0 0 0 0 0 0 0 0 0 0 0 0 0 0 0 0 0 0 0 0 0 0 0 0 
0 5.56677e-07 0 0 5.56677e-07 0 0 0 0 0 0 0 0 0 0 0 0 0 0 0 0 0 0 0 0 0 0 0 0 0 0 0 0 0 0 0 0 0 0 0 0 0 0 0 0 0 0 0 0 0 0 0 0 0 0 0 0 0 0 0 0 0 0 0 0 0 0 0 0 0 0 0 0 0 0 0 0 0 0 0 0 0 0 0 0 0 0 0 0 0 0 0 0 0 0 0 0 0 0 0 
0 0 0 0 0 0 0 0 0 0 0 0 0 0 0 0 0 0 0 0 0 0 0 0 0 0 0 0 0 0 0 0 0 0 0 0 0 0 0 0 0 0 0 0 0 0 0 0 0 0 0 0 0 0 0 0 0 0 0 0 0 0 0 0 0 0 0 0 0 0 0 0 0 0 0 0 0 0 0 0 0 0 0 0 0 0 0 0 0 0 0 0 0 0 0 0 0 0 0 0 
0 5.56677e-07 0 0 0 5.56677e-07 0 0 0 0 5.56677e-07 5.56677e-07 0 0 0 0 0 0 0 0 0 0 0 0 0 0 0 0 0 0 0 0 0 0 0 0 0 0 0 0 0 0 0 0 0 0 0 0 0 0 0 0 0 0 0 0 0 0 0 0 0 0 0 0 0 0 0 0 0 0 0 0 0 0 0 0 0 0 0 0 0 0 0 0 0 0 0 0 0 0 0 0 0 0 0 0 0 0 0 0 
0 5.56677e-07 0 0 5.56677e-07 0 0 0 0 0 0 0 0 0 0 0 0 0 0 0 0 0 0 0 0 0 0 0 0 0 0 0 0 0 0 0 0 0 0 0 0 0 0 0 0 0 0 0 0 0 0 0 0 0 0 0 0 0 0 0 0 0 0 0 0 0 0 0 0 0 0 0 0 0 0 0 0 0 0 0 0 0 0 0 0 0 0 0 0 0 0 0 0 0 0 0 0 0 0 0 
0 0 0 0 0 0 0 0 0 0 0 0 0 0 0 0 0 0 0 0 0 0 0 0 0 0 0 0 0 0 0 0 0 0 0 0 0 0 0 0 0 0 0 0 0 0 0 0 0 0 0 0 0 0 0 0 0 0 0 0 0 0 0 0 0 0 0 0 0 0 0 0 0 0 0 0 0 0 0 0 0 0 0 0 0 0 0 0 0 0 0 0 0 0 0 0 0 0 0 0 
0 0 0 0 0 0 0 0 5.56677e-07 0 0 0 0 0 0 0 0 0 0 0 0 0 0 0 0 0 0 0 0 0 0 0 0 0 0 0 0 0 0 0 0 0 0 0 0 0 0 0 0 0 0 0 0 0 0 0 0 0 0 0 0 0 0 0 0 0 0 0 0 0 0 0 0 0 0 0 0 0 0 0 0 0 0 0 0 0 0 0 0 0 0 0 0 0 0 0 0 0 0 0 
0 0 0 5.56677e-07 5.56677e-07 0 5.56677e-07 0 0 0 0 0 0 0 0 0 0 0 0 0 0 0 0 0 0 0 0 0 0 0 0 0 0 0 0 0 0 0 0 0 0 0 0 0 0 0 0 0 0 0 0 0 0 0 0 0 0 0 0 0 0 0 0 0 0 0 0 0 0 0 0 0 0 0 0 0 0 0 0 0 0 0 0 0 0 0 0 0 0 0 0 0 0 0 0 0 0 0 0 0 
0 1.67003e-06 0 0 0 0 0 0 0 0 5.56677e-07 5.56677e-07 0 0 0 0 0 0 0 0 0 0 0 0 0 0 0 0 0 0 0 0 0 0 0 0 0 0 0 0 0 0 0 0 0 0 0 0 0 0 0 0 0 0 0 0 0 0 0 0 0 0 0 0 0 0 0 0 0 0 0 0 0 0 0 0 0 0 0 0 0 0 0 0 0 0 0 0 0 0 0 0 0 0 0 0 0 0 0 0 
0 0 0 5.56677e-07 5.56677e-07 1.11335e-06 0 0 5.56677e-07 0 0 5.56677e-07 0 0 0 0 0 0 0 0 0 0 0 0 0 0 0 0 0 0 0 0 0 0 0 0 0 0 0 0 0 0 0 0 0 0 0 0 0 0 0 0 0 0 0 0 0 0 0 0 0 0 0 0 0 0 0 0 0 0 0 0 0 0 0 0 0 0 0 0 0 0 0 0 0 0 0 0 0 0 0 0 0 0 0 0 0 0 0 0 
0 0 5.56677e-07 0 0 0 1.11335e-06 0 0 0 0 0 5.56677e-07 0 0 0 0 0 0 0 0 0 0 0 0 0 0 0 0 0 0 0 0 0 0 0 0 0 0 0 0 0 0 0 0 0 0 0 0 0 0 0 0 0 0 0 0 0 0 0 0 0 0 0 0 0 0 0 0 0 0 0 0 0 0 0 0 0 0 0 0 0 0 0 0 0 0 0 0 0 0 0 0 0 0 0 0 0 0 0 
0 0 5.56677e-07 5.56677e-07 0 5.56677e-07 0 0 0 0 0 0 0 0 0 0 0 0 0 0 0 0 0 0 0 0 0 0 0 0 0 0 0 0 0 0 0 0 0 0 0 0 0 0 0 0 0 0 0 0 0 0 0 0 0 0 0 0 0 0 0 0 0 0 0 0 0 0 0 0 0 0 0 0 0 0 0 0 0 0 0 0 0 0 0 0 0 0 0 0 0 0 0 0 0 0 0 0 0 0 
0 1.11335e-06 0 0 5.56677e-07 5.56677e-07 0 0 5.56677e-07 0 0 0 0 0 1.11335e-06 0 5.56677e-07 0 0 5.56677e-07 0 0 0 0 0 0 0 0 0 0 0 0 0 0 0 0 0 0 0 0 0 0 0 0 0 0 0 0 0 0 0 0 0 0 0 0 0 0 0 0 0 0 0 0 0 0 0 0 0 0 0 0 0 0 0 0 0 0 0 0 0 0 0 0 0 0 0 0 0 0 0 0 0 0 0 0 0 0 0 0 
0 5.56677e-07 0 1.67003e-06 5.56677e-07 0 0 5.56677e-07 2.22671e-06 5.56677e-07 0 0 0 0 0 0 0 0 0 0 0 0 0 0 0 0 0 0 0 0 0 0 0 0 0 0 0 0 0 0 0 0 0 0 0 0 0 0 0 0 0 0 0 0 0 0 0 0 0 0 0 0 0 0 0 0 0 0 0 0 0 0 0 0 0 0 0 0 0 0 0 0 0 0 0 0 0 0 0 0 0 0 0 0 0 0 0 0 0 0 
0 5.56677e-07 0 0 1.11335e-06 5.56677e-07 0 0 0 5.56677e-07 0 5.56677e-07 0 0 0 0 0 0 0 0 0 0 0 0 0 0 0 0 0 0 0 0 0 0 0 0 0 0 0 0 0 0 0 0 0 0 0 0 0 0 0 0 0 0 0 0 0 0 0 0 0 0 0 0 0 0 0 0 0 0 0 0 0 0 0 0 0 0 0 0 0 0 0 0 0 0 0 0 0 0 0 0 0 0 0 0 0 0 0 0 
0 0 1.67003e-06 0 0 5.56677e-07 1.11335e-06 5.56677e-07 0 0 0 5.56677e-07 0 1.11335e-06 0 0 0 0 0 0 0 0 0 0 0 0 0 0 0 0 0 0 0 0 0 0 0 0 0 0 0 0 0 0 0 0 0 0 0 0 0 0 0 0 0 0 0 0 0 0 0 0 0 0 0 0 0 0 0 0 0 0 0 0 0 0 0 0 0 0 0 0 0 0 0 0 0 0 0 0 0 0 0 0 0 0 0 0 0 0 
0 5.56677e-07 1.67003e-06 5.56677e-07 0 5.56677e-07 5.56677e-07 5.56677e-07 1.11335e-06 0 0 0 0 5.56677e-07 0 0 0 0 0 0 0 0 0 5.56677e-07 0 0 0 0 0 0 0 0 0 5.56677e-07 0 0 0 0 0 0 0 0 0 0 0 0 0 0 0 0 0 0 0 0 0 0 0 0 0 0 0 0 0 0 0 0 0 0 0 0 0 0 0 0 0 0 0 0 0 0 0 0 0 0 0 0 0 0 0 0 0 0 0 0 0 0 0 0 0 0 
0 1.67003e-06 5.56677e-07 5.56677e-07 0 0 1.11335e-06 0 5.56677e-07 5.56677e-07 5.56677e-07 0 0 0 0 0 0 0 0 0 0 0 0 0 0 0 0 0 0 0 0 0 0 0 0 0 0 0 0 0 0 0 0 0 0 0 0 0 0 0 0 0 0 0 0 0 0 0 0 0 0 0 0 0 0 0 0 0 0 0 0 0 0 0 0 0 0 0 0 0 0 0 0 0 0 0 0 0 0 0 0 0 0 0 0 0 0 0 0 0 
0 1.11335e-06 1.11335e-06 5.56677e-07 1.11335e-06 0 0 0 5.56677e-07 5.56677e-07 5.56677e-07 0 0 0 0 5.56677e-07 0 0 0 5.56677e-07 0 0 0 0 0 0 0 0 0 0 0 0 0 0 0 0 0 0 0 0 0 0 0 0 0 0 0 0 0 0 0 0 0 0 0 0 0 0 0 0 0 0 0 0 0 0 0 0 0 0 0 0 0 0 0 0 0 0 0 0 0 0 0 0 0 0 0 0 0 0 0 0 0 0 0 0 0 0 0 0 
0 1.11335e-06 2.22671e-06 0 0 1.67003e-06 0 0 5.56677e-07 0 0 0 5.56677e-07 5.56677e-07 5.56677e-07 5.56677e-07 0 0 0 0 0 0 0 0 0 0 0 0 0 0 0 0 0 0 0 0 0 0 0 0 0 0 0 0 0 0 0 0 0 0 0 0 0 0 0 0 0 0 0 0 0 0 0 0 0 0 0 0 0 0 0 0 0 0 0 0 0 0 0 0 0 0 0 0 0 0 0 0 0 0 0 0 0 0 0 0 0 0 0 0 
0 2.22671e-06 1.11335e-06 5.56677e-07 0 1.11335e-06 5.56677e-07 1.11335e-06 1.11335e-06 0 5.56677e-07 0 0 0 0 0 0 0 0 0 0 0 0 0 0 0 0 0 0 0 0 0 0 0 0 0 0 0 0 0 0 0 0 0 0 0 0 0 0 0 0 0 0 0 0 0 0 0 0 0 0 0 0 0 0 0 0 0 0 0 0 0 0 0 0 0 0 0 0 0 0 0 0 0 0 0 0 0 0 0 0 0 0 0 0 0 0 0 0 0 
0 5.56677e-07 1.11335e-06 0 0 1.11335e-06 1.11335e-06 0 1.11335e-06 0 5.56677e-07 5.56677e-07 0 0 5.56677e-07 0 0 0 0 0 0 0 0 0 0 0 0 0 0 0 0 0 0 0 0 0 0 0 0 0 0 0 0 0 0 0 0 0 0 0 0 0 0 0 0 0 0 0 0 0 0 0 0 0 0 0 0 0 0 0 0 0 0 0 0 0 0 0 0 0 0 0 0 0 0 0 0 0 0 0 0 0 0 0 0 0 0 0 0 0 
0 1.67003e-06 1.67003e-06 1.11335e-06 1.67003e-06 5.56677e-07 0 5.56677e-07 0 5.56677e-07 0 0 0 0 0 0 0 0 0 5.56677e-07 0 0 0 0 0 0 0 0 0 0 0 0 0 0 0 0 0 0 0 0 0 0 0 0 0 0 0 0 0 0 0 0 0 0 0 0 0 0 0 0 0 0 0 0 0 0 0 0 0 0 0 0 0 0 0 0 0 0 0 0 0 0 0 0 0 0 0 0 0 0 0 0 0 0 0 0 0 0 0 0 
0 2.22671e-06 1.11335e-06 2.22671e-06 1.11335e-06 5.56677e-07 1.11335e-06 5.56677e-07 0 1.11335e-06 5.56677e-07 0 0 0 0 0 5.56677e-07 0 5.56677e-07 0 0 0 0 0 5.56677e-07 0 0 0 0 0 0 0 0 0 0 0 0 0 0 0 0 0 0 0 0 0 0 0 0 0 0 0 0 0 0 0 0 0 0 0 0 0 0 0 0 0 0 0 0 0 0 0 0 0 0 0 0 0 0 0 0 0 0 0 0 0 0 0 0 0 0 0 0 0 0 0 0 0 0 0 
0 2.22671e-06 3.34006e-06 1.67003e-06 1.11335e-06 1.67003e-06 5.56677e-07 0 5.56677e-07 5.56677e-07 5.56677e-07 1.11335e-06 1.67003e-06 0 5.56677e-07 0 0 0 0 0 0 0 0 0 0 0 0 0 0 0 0 0 5.56677e-07 0 0 0 0 0 0 0 0 0 0 0 0 0 0 0 0 0 0 0 0 0 0 0 0 0 0 0 0 0 0 0 0 0 0 0 0 0 0 0 0 0 0 0 0 0 0 0 0 0 0 0 0 0 0 0 0 0 0 0 0 0 0 0 0 0 0 0 
0 1.11335e-06 1.11335e-06 1.67003e-06 1.11335e-06 1.67003e-06 1.11335e-06 5.56677e-07 1.67003e-06 0 5.56677e-07 0 5.56677e-07 1.11335e-06 5.56677e-07 0 0 0 0 0 0 0 5.56677e-07 0 0 0 0 0 0 0 0 0 0 0 0 0 0 0 0 0 0 0 0 0 0 0 0 0 0 0 0 0 0 0 0 0 0 0 0 0 0 0 0 0 0 0 0 0 0 0 0 0 0 0 0 0 0 0 0 0 0 0 0 0 0 0 0 0 0 0 0 0 0 0 0 0 0 0 0 0 
0 1.11335e-06 1.11335e-06 1.11335e-06 1.67003e-06 1.67003e-06 1.11335e-06 5.56677e-07 2.78338e-06 2.22671e-06 5.56677e-07 1.67003e-06 1.11335e-06 0 0 0 5.56677e-07 0 5.56677e-07 0 0 0 0 0 0 0 0 0 0 0 0 0 0 0 0 0 0 0 0 0 0 0 0 0 0 0 0 0 0 0 0 0 0 0 0 0 0 0 0 0 0 0 0 0 0 0 0 0 0 0 0 0 0 0 0 0 0 0 0 0 0 0 0 0 0 0 0 0 0 0 0 0 0 0 0 0 0 0 0 0 
0 4.45341e-06 3.89674e-06 1.11335e-06 1.11335e-06 4.45341e-06 1.67003e-06 5.56677e-07 5.56677e-07 1.67003e-06 1.11335e-06 5.56677e-07 5.56677e-07 5.56677e-07 0 5.56677e-07 1.11335e-06 5.56677e-07 0 5.56677e-07 0 0 0 0 0 0 0 0 0 5.56677e-07 0 0 0 0 0 0 0 0 0 0 0 5.56677e-07 0 0 0 0 0 0 0 0 0 0 0 0 0 0 0 0 0 0 0 0 0 0 0 0 0 0 0 0 0 0 0 0 0 0 0 0 0 0 0 0 0 0 0 0 0 0 0 0 0 0 0 0 0 0 0 0 0 0 
0 2.22671e-06 5.01009e-06 2.22671e-06 2.78338e-06 1.67003e-06 1.11335e-06 2.78338e-06 0 1.67003e-06 5.56677e-07 0 5.56677e-07 0 0 5.56677e-07 0 0 0 0 0 0 0 0 0 0 0 5.56677e-07 0 0 0 0 0 0 0 0 0 0 0 0 0 0 0 0 0 0 0 0 0 0 0 0 0 0 0 0 0 0 0 0 0 0 0 0 0 0 0 0 0 0 0 0 0 0 0 0 0 0 0 0 0 0 0 0 0 0 0 0 0 0 0 0 0 0 0 0 0 0 0 0 
0 5.01009e-06 3.89674e-06 2.78338e-06 2.22671e-06 4.45341e-06 1.67003e-06 2.78338e-06 5.56677e-07 2.78338e-06 5.56677e-07 0 0 0 5.56677e-07 0 1.11335e-06 5.56677e-07 0 0 0 0 0 0 5.56677e-07 0 0 0 0 0 0 0 0 0 0 0 0 0 0 0 0 0 0 0 0 0 0 0 0 0 0 0 0 0 0 0 0 0 0 0 0 0 0 0 0 0 0 0 0 0 0 0 0 0 0 0 0 0 0 0 0 0 0 0 0 0 0 0 0 0 0 0 0 0 0 0 0 0 0 0 
0 3.89674e-06 5.01009e-06 3.89674e-06 3.89674e-06 1.67003e-06 2.22671e-06 1.11335e-06 3.89674e-06 5.56677e-07 1.11335e-06 1.67003e-06 5.56677e-07 5.56677e-07 1.11335e-06 5.56677e-07 0 0 0 5.56677e-07 0 0 0 0 0 0 0 0 0 0 0 0 0 0 0 0 0 0 0 0 0 0 0 0 0 0 0 0 0 0 0 0 0 0 0 0 0 0 0 0 0 0 0 0 0 0 0 0 0 0 0 0 0 0 0 0 0 0 0 0 0 0 0 0 0 0 0 0 0 0 0 0 0 0 0 0 0 0 0 0 
0 6.68012e-06 5.01009e-06 2.78338e-06 3.34006e-06 2.22671e-06 5.56677e-07 0 2.22671e-06 1.67003e-06 0 1.67003e-06 5.56677e-07 0 0 1.11335e-06 5.56677e-07 0 0 0 0 0 0 0 0 5.56677e-07 0 0 0 0 0 0 0 0 0 0 0 0 0 0 0 0 0 0 0 0 0 0 0 0 0 0 0 0 0 0 0 0 0 0 0 0 0 0 0 0 0 0 0 0 0 0 0 0 0 0 0 0 0 0 0 0 0 0 0 0 0 0 0 0 0 0 0 0 0 0 0 0 0 0 
0 7.2368e-06 3.89674e-06 2.22671e-06 3.89674e-06 2.78338e-06 1.67003e-06 3.34006e-06 2.22671e-06 1.11335e-06 0 1.11335e-06 0 0 5.56677e-07 5.56677e-07 1.11335e-06 5.56677e-07 5.56677e-07 5.56677e-07 0 0 0 0 0 0 0 0 0 0 0 0 0 0 0 0 0 0 0 0 0 0 0 0 0 0 0 0 0 0 0 0 0 0 0 0 0 0 0 0 0 0 0 0 0 0 0 0 0 0 0 0 0 0 0 0 0 0 0 0 0 0 0 0 0 0 0 0 0 0 0 0 0 0 0 0 0 0 0 0 
0 6.68012e-06 7.2368e-06 7.2368e-06 5.01009e-06 3.89674e-06 5.56677e-06 2.22671e-06 1.11335e-06 1.11335e-06 5.56677e-07 1.11335e-06 5.56677e-07 1.67003e-06 1.67003e-06 1.11335e-06 5.56677e-07 1.11335e-06 1.67003e-06 5.56677e-07 0 5.56677e-07 0 5.56677e-07 0 0 0 5.56677e-07 5.56677e-07 0 0 5.56677e-07 0 0 0 0 0 0 0 0 0 0 0 0 0 0 0 0 0 0 0 0 0 0 0 0 0 0 0 0 0 0 0 0 0 0 0 0 0 0 0 0 0 0 0 0 0 0 0 0 0 0 0 0 0 0 0 0 0 0 0 0 0 0 0 0 0 0 0 0 
0 1.05769e-05 7.2368e-06 8.35015e-06 2.22671e-06 6.12344e-06 6.12344e-06 3.89674e-06 2.22671e-06 1.11335e-06 2.78338e-06 0 5.56677e-07 1.67003e-06 1.67003e-06 1.67003e-06 1.11335e-06 0 1.11335e-06 0 5.56677e-07 5.56677e-07 0 0 5.56677e-07 0 5.56677e-07 0 0 0 0 0 0 0 0 0 5.56677e-07 0 0 0 0 0 0 0 0 0 0 0 0 0 0 0 0 0 0 0 0 0 0 0 0 0 0 0 0 0 0 0 0 0 0 0 0 0 0 0 0 0 0 0 0 0 0 0 0 0 0 0 0 0 0 0 0 0 0 0 0 0 0 0 
0 8.90683e-06 7.2368e-06 6.68012e-06 6.12344e-06 5.01009e-06 3.34006e-06 2.22671e-06 3.34006e-06 1.11335e-06 5.56677e-07 2.22671e-06 5.56677e-07 0 5.56677e-07 1.11335e-06 1.67003e-06 1.11335e-06 1.11335e-06 5.56677e-07 5.56677e-07 5.56677e-07 1.11335e-06 5.56677e-07 0 0 5.56677e-07 0 0 0 0 0 0 0 0 0 0 0 0 0 0 0 0 0 0 0 0 0 0 0 0 0 0 0 0 0 0 0 0 0 0 0 0 0 0 0 0 0 0 0 0 0 0 0 0 0 0 0 0 0 0 0 0 0 0 0 0 0 0 0 0 0 0 0 0 0 0 0 0 0 
0 1.50303e-05 8.35015e-06 6.12344e-06 5.01009e-06 7.2368e-06 6.12344e-06 4.45341e-06 1.11335e-06 5.56677e-06 1.11335e-06 1.67003e-06 2.22671e-06 5.56677e-07 2.78338e-06 5.56677e-07 1.67003e-06 0 0 0 0 0 1.11335e-06 5.56677e-07 0 0 0 0 5.56677e-07 0 0 0 0 0 0 0 0 0 0 0 0 0 0 0 0 0 0 0 0 0 0 0 0 0 0 0 0 0 0 0 0 0 0 0 0 0 0 0 0 0 0 0 0 0 0 0 0 0 0 0 0 0 0 0 0 0 0 0 0 0 0 0 0 0 0 0 0 0 0 0 
0 1.11335e-05 1.11335e-05 1.00202e-05 5.56677e-06 6.68012e-06 8.35015e-06 1.11335e-06 7.79347e-06 3.34006e-06 1.67003e-06 6.12344e-06 1.67003e-06 5.56677e-07 3.34006e-06 1.67003e-06 1.11335e-06 5.56677e-07 5.56677e-07 0 5.56677e-07 0 1.11335e-06 0 5.56677e-07 0 0 5.56677e-07 0 0 5.56677e-07 0 0 0 0 0 0 0 0 0 0 0 0 0 0 0 0 0 0 0 0 0 0 0 0 0 0 0 0 0 0 0 0 0 0 0 0 0 0 0 0 0 0 0 0 0 0 0 0 0 0 0 0 0 0 0 0 0 0 0 0 0 0 0 0 0 0 0 0 0 
0 1.22469e-05 1.22469e-05 1.39169e-05 6.68012e-06 5.56677e-06 6.12344e-06 5.56677e-06 3.89674e-06 1.67003e-06 3.34006e-06 2.78338e-06 4.45341e-06 2.78338e-06 1.11335e-06 0 5.56677e-07 1.11335e-06 0 1.11335e-06 1.11335e-06 5.56677e-07 5.56677e-07 5.56677e-07 0 0 5.56677e-07 5.56677e-07 5.56677e-07 0 0 0 0 0 0 0 0 5.56677e-07 0 0 0 0 0 0 0 0 0 0 0 0 0 0 0 0 0 0 0 0 0 0 0 0 0 0 0 0 0 0 0 0 0 0 0 0 0 0 0 0 0 0 0 0 0 0 0 0 0 0 0 0 0 0 0 0 0 0 0 0 0 0 
0 1.61436e-05 1.67003e-05 7.79347e-06 8.90683e-06 9.4635e-06 8.90683e-06 5.01009e-06 4.45341e-06 2.78338e-06 2.22671e-06 3.89674e-06 1.67003e-06 1.67003e-06 1.11335e-06 2.78338e-06 5.56677e-07 5.56677e-07 1.67003e-06 0 0 5.56677e-07 1.11335e-06 0 0 5.56677e-07 0 0 0 0 0 0 0 0 0 0 0 5.56677e-07 0 0 0 0 0 0 0 0 0 0 0 0 0 0 0 0 0 0 0 0 0 0 0 0 0 0 0 0 0 0 0 0 0 0 0 0 0 0 0 0 0 0 0 0 0 0 0 0 0 0 0 0 0 0 0 0 0 0 0 0 0 0 
0 1.50303e-05 2.28237e-05 1.33602e-05 1.11335e-05 1.00202e-05 6.12344e-06 5.01009e-06 6.12344e-06 6.68012e-06 2.22671e-06 4.45341e-06 2.78338e-06 2.78338e-06 2.78338e-06 1.11335e-06 1.67003e-06 0 5.56677e-07 1.11335e-06 0 5.56677e-07 1.11335e-06 1.11335e-06 5.56677e-07 0 5.56677e-07 0 0 5.56677e-07 0 0 0 0 0 0 0 0 0 0 0 0 0 0 0 0 0 0 0 0 0 0 0 0 0 0 0 0 0 0 0 0 0 0 0 0 0 0 0 0 0 0 0 0 0 0 0 0 0 0 0 0 0 0 0 0 0 0 0 0 0 0 0 0 0 0 0 0 0 0 
0 2.00404e-05 1.61436e-05 1.50303e-05 1.78137e-05 1.50303e-05 8.35015e-06 5.01009e-06 2.22671e-06 5.01009e-06 6.12344e-06 3.89674e-06 3.34006e-06 2.78338e-06 2.22671e-06 3.89674e-06 2.22671e-06 1.11335e-06 1.11335e-06 1.11335e-06 5.56677e-07 5.56677e-07 0 0 5.56677e-07 0 5.56677e-07 0 5.56677e-07 0 5.56677e-07 0 5.56677e-07 0 0 5.56677e-07 0 0 0 0 0 0 0 0 0 0 0 0 0 0 0 0 0 0 0 0 0 0 0 0 0 0 0 0 0 0 0 0 0 0 0 0 0 0 0 0 0 0 0 0 0 0 0 0 0 0 0 0 0 0 0 0 0 0 0 0 0 0 0 0 
0 1.61436e-05 2.61638e-05 1.50303e-05 1.78137e-05 8.35015e-06 1.22469e-05 1.22469e-05 1.28036e-05 6.68012e-06 3.89674e-06 1.67003e-06 4.45341e-06 2.78338e-06 1.67003e-06 1.67003e-06 1.11335e-06 1.11335e-06 2.22671e-06 1.11335e-06 1.11335e-06 1.67003e-06 0 5.56677e-07 5.56677e-07 0 0 0 0 0 0 0 0 5.56677e-07 0 0 0 0 0 0 0 0 0 0 0 0 0 0 0 0 0 0 0 0 0 0 0 0 0 0 0 0 0 0 0 0 0 0 0 0 0 0 0 0 0 0 0 0 0 0 0 0 0 0 0 0 0 0 0 0 0 0 0 0 0 0 0 0 0 0 
0 2.22671e-05 2.28237e-05 1.67003e-05 1.67003e-05 1.55869e-05 7.79347e-06 1.00202e-05 6.68012e-06 1.16902e-05 7.79347e-06 6.12344e-06 4.45341e-06 2.22671e-06 4.45341e-06 2.78338e-06 1.67003e-06 2.22671e-06 2.22671e-06 1.11335e-06 1.11335e-06 0 5.56677e-07 5.56677e-07 5.56677e-07 0 0 0 5.56677e-07 1.11335e-06 0 0 5.56677e-07 0 0 0 0 0 0 0 0 0 0 0 0 0 0 0 0 0 0 0 0 0 0 0 0 0 0 0 0 0 0 0 0 0 0 0 0 0 0 0 0 0 0 0 0 0 0 0 0 0 0 0 0 0 0 0 0 0 0 0 0 0 0 0 0 0 0 0 
0 4.06374e-05 1.78137e-05 2.67205e-05 1.67003e-05 2.11537e-05 1.11335e-05 1.22469e-05 6.68012e-06 9.4635e-06 4.45341e-06 7.2368e-06 5.56677e-06 5.01009e-06 1.67003e-06 3.34006e-06 1.67003e-06 3.89674e-06 1.67003e-06 2.22671e-06 2.78338e-06 1.11335e-06 5.56677e-07 2.78338e-06 0 5.56677e-07 5.56677e-07 0 5.56677e-07 0 5.56677e-07 0 0 0 0 0 0 0 0 0 0 0 0 0 0 0 0 0 0 0 0 0 0 0 0 0 0 0 0 0 0 0 5.56677e-07 0 0 0 0 0 0 0 0 0 0 0 0 0 0 0 0 0 0 0 0 0 0 0 0 0 0 0 0 0 0 0 0 0 0 0 0 0 
0 2.39371e-05 2.61638e-05 2.28237e-05 1.67003e-05 2.00404e-05 1.28036e-05 1.33602e-05 1.28036e-05 9.4635e-06 9.4635e-06 7.2368e-06 6.68012e-06 7.2368e-06 4.45341e-06 3.89674e-06 2.78338e-06 4.45341e-06 2.22671e-06 1.11335e-06 1.11335e-06 1.11335e-06 5.56677e-07 1.11335e-06 1.11335e-06 5.56677e-07 5.56677e-07 0 5.56677e-07 0 0 0 5.56677e-07 5.56677e-07 0 0 0 0 0 0 0 0 0 0 0 0 0 5.56677e-07 0 0 0 0 0 0 0 0 0 0 0 0 0 0 0 0 0 0 0 0 0 0 0 0 0 0 0 0 0 0 0 0 0 0 0 0 0 0 0 0 0 0 0 0 0 0 0 0 0 0 0 0 
0 3.39573e-05 3.84107e-05 3.39573e-05 1.8927e-05 2.17104e-05 1.83703e-05 1.33602e-05 9.4635e-06 1.22469e-05 1.00202e-05 5.56677e-06 5.56677e-06 3.89674e-06 4.45341e-06 5.01009e-06 5.01009e-06 3.89674e-06 3.89674e-06 1.67003e-06 1.11335e-06 1.11335e-06 1.11335e-06 1.11335e-06 1.11335e-06 0 0 1.67003e-06 0 1.67003e-06 0 5.56677e-07 0 1.11335e-06 0 0 0 0 0 0 0 5.56677e-07 0 0 0 0 0 0 0 0 0 0 0 0 0 0 0 0 0 0 0 0 0 0 0 0 0 0 0 0 0 0 0 0 0 0 0 0 0 0 0 0 0 0 0 0 0 0 0 0 0 0 0 0 0 0 0 0 0 0 
0 4.11941e-05 3.56273e-05 2.56071e-05 2.95039e-05 3.00605e-05 1.83703e-05 1.50303e-05 1.22469e-05 1.16902e-05 1.11335e-05 1.00202e-05 1.11335e-05 4.45341e-06 3.34006e-06 5.01009e-06 5.01009e-06 3.89674e-06 3.89674e-06 3.89674e-06 2.22671e-06 1.67003e-06 1.67003e-06 1.11335e-06 1.11335e-06 1.11335e-06 0 1.11335e-06 1.11335e-06 0 0 0 0 0 0 5.56677e-07 0 0 0 0 5.56677e-07 0 0 0 0 0 0 0 0 0 0 0 0 0 0 0 0 0 0 0 0 0 0 0 0 0 0 0 0 0 0 0 0 0 0 0 0 0 0 0 0 0 0 0 0 0 0 0 0 0 0 0 0 0 0 0 0 0 0 0 
0 4.67608e-05 4.39775e-05 3.6184e-05 3.17306e-05 2.72772e-05 2.39371e-05 2.00404e-05 1.67003e-05 1.7257e-05 1.00202e-05 8.35015e-06 8.90683e-06 5.01009e-06 3.89674e-06 4.45341e-06 2.22671e-06 5.01009e-06 1.67003e-06 2.22671e-06 2.78338e-06 5.56677e-07 1.67003e-06 1.67003e-06 5.56677e-07 1.11335e-06 1.11335e-06 5.56677e-07 0 0 0 0 0 1.11335e-06 0 0 0 0 0 0 0 0 0 0 0 0 0 0 0 0 0 0 0 0 0 0 0 0 0 0 0 0 0 0 0 0 0 0 0 0 0 0 0 0 0 0 0 0 0 0 0 0 0 0 0 0 0 0 0 0 0 0 0 0 0 0 0 0 0 0 
0 4.78742e-05 5.78944e-05 3.72973e-05 3.39573e-05 3.06172e-05 2.50504e-05 2.11537e-05 2.33804e-05 2.00404e-05 1.28036e-05 1.16902e-05 1.00202e-05 5.01009e-06 1.39169e-05 5.01009e-06 6.68012e-06 3.89674e-06 3.89674e-06 3.34006e-06 3.34006e-06 3.34006e-06 1.11335e-06 1.11335e-06 5.56677e-07 1.11335e-06 0 0 1.11335e-06 1.11335e-06 1.11335e-06 5.56677e-07 0 0 0 0 0 0 0 0 0 0 0 0 0 0 0 0 0 0 0 0 0 0 0 0 0 0 0 0 0 0 0 0 0 0 0 0 0 0 0 0 0 0 0 0 0 0 0 0 0 0 0 0 0 0 0 0 0 0 0 0 0 0 0 0 0 0 0 0 
0 5.90077e-05 5.39976e-05 4.11941e-05 3.56273e-05 3.9524e-05 1.83703e-05 2.17104e-05 2.17104e-05 1.44736e-05 1.16902e-05 8.35015e-06 1.39169e-05 1.05769e-05 8.90683e-06 6.68012e-06 3.89674e-06 3.34006e-06 5.01009e-06 2.22671e-06 4.45341e-06 3.89674e-06 3.34006e-06 0 5.56677e-07 1.11335e-06 5.56677e-07 1.11335e-06 5.56677e-07 5.56677e-07 5.56677e-07 5.56677e-07 0 5.56677e-07 5.56677e-07 0 0 0 5.56677e-07 5.56677e-07 0 0 0 0 0 0 0 0 0 0 0 0 0 0 0 0 0 0 0 0 0 0 0 0 0 0 0 0 0 0 0 0 0 0 0 0 0 0 0 0 0 0 0 0 0 0 0 0 0 0 0 0 0 0 0 0 0 0 0 0 
0 6.84712e-05 6.95846e-05 5.3441e-05 4.17507e-05 4.06374e-05 2.39371e-05 2.78338e-05 2.67205e-05 1.8927e-05 1.78137e-05 1.8927e-05 8.35015e-06 9.4635e-06 1.00202e-05 8.90683e-06 1.00202e-05 5.01009e-06 4.45341e-06 1.67003e-06 3.34006e-06 3.89674e-06 3.34006e-06 2.22671e-06 0 1.67003e-06 5.56677e-07 0 5.56677e-07 1.11335e-06 0 5.56677e-07 0 0 0 0 5.56677e-07 0 0 0 0 5.56677e-07 0 0 0 0 0 0 0 0 0 0 0 0 0 0 0 0 0 0 0 0 0 0 0 0 0 0 0 0 0 0 0 0 0 0 0 0 0 0 0 0 0 0 0 0 0 0 0 0 0 0 0 0 0 0 0 0 0 0 
0 7.90481e-05 7.45947e-05 5.6781e-05 5.3441e-05 4.28641e-05 4.06374e-05 3.4514e-05 2.78338e-05 2.61638e-05 2.0597e-05 1.44736e-05 1.67003e-05 1.61436e-05 9.4635e-06 4.45341e-06 6.12344e-06 4.45341e-06 4.45341e-06 3.89674e-06 3.34006e-06 1.67003e-06 2.22671e-06 0 1.67003e-06 2.22671e-06 2.22671e-06 0 0 2.22671e-06 1.11335e-06 5.56677e-07 5.56677e-07 0 1.11335e-06 0 0 5.56677e-07 0 0 0 0 0 0 0 0 0 0 0 0 0 0 0 0 0 0 5.56677e-07 0 0 0 0 0 0 0 0 0 0 0 0 0 0 0 0 0 0 0 0 0 0 0 0 0 0 0 0 0 0 0 0 0 0 0 0 0 0 0 0 0 0 0 
0 8.79549e-05 8.29448e-05 7.18113e-05 4.84309e-05 5.62243e-05 3.56273e-05 3.39573e-05 3.22872e-05 2.72772e-05 2.28237e-05 2.78338e-05 1.28036e-05 9.4635e-06 9.4635e-06 7.79347e-06 1.05769e-05 1.00202e-05 7.2368e-06 5.56677e-06 3.34006e-06 2.22671e-06 2.22671e-06 4.45341e-06 1.67003e-06 1.11335e-06 1.11335e-06 2.22671e-06 1.11335e-06 1.11335e-06 5.56677e-07 0 0 0 5.56677e-07 0 0 0 5.56677e-07 0 0 0 0 0 0 0 0 0 0 0 0 0 0 0 0 0 0 0 0 0 0 0 0 0 0 0 0 0 0 0 0 0 0 0 0 0 0 0 0 0 0 0 0 0 0 0 0 0 0 0 0 0 0 0 0 0 0 0 0 0 
0 9.24083e-05 8.46148e-05 7.62647e-05 5.78944e-05 7.01413e-05 4.28641e-05 4.50908e-05 4.45341e-05 3.34006e-05 2.83905e-05 2.44938e-05 1.67003e-05 1.94837e-05 1.28036e-05 1.22469e-05 2.78338e-06 1.05769e-05 5.01009e-06 5.01009e-06 5.56677e-06 4.45341e-06 2.78338e-06 3.34006e-06 2.78338e-06 1.67003e-06 2.22671e-06 1.67003e-06 5.56677e-07 1.11335e-06 1.11335e-06 5.56677e-07 0 1.11335e-06 0 0 0 0 0 0 0 0 0 0 0 0 0 0 0 0 0 0 0 0 0 0 0 0 0 0 0 0 0 0 0 0 0 0 0 0 0 0 0 0 0 0 0 0 0 0 0 0 0 0 0 0 0 0 0 0 0 0 0 0 0 0 0 0 0 0 
0 0.000104099 9.4635e-05 7.29246e-05 6.45745e-05 7.73781e-05 5.01009e-05 4.67608e-05 3.56273e-05 4.17507e-05 3.11739e-05 2.39371e-05 2.22671e-05 1.94837e-05 1.94837e-05 1.05769e-05 1.16902e-05 8.90683e-06 7.79347e-06 1.67003e-06 1.67003e-06 3.34006e-06 4.45341e-06 1.11335e-06 1.67003e-06 3.34006e-06 5.56677e-07 1.67003e-06 2.78338e-06 0 1.11335e-06 0 0 5.56677e-07 5.56677e-07 0 0 0 0 0 0 0 0 0 0 0 0 0 0 0 0 0 0 0 0 0 0 0 0 0 0 0 0 0 0 0 0 0 0 0 0 0 0 0 0 0 0 0 0 0 0 0 0 0 0 0 0 0 0 0 0 0 0 0 0 0 0 0 0 0 
0 0.000116345 0.000123582 8.01614e-05 7.73781e-05 8.29448e-05 4.84309e-05 5.39976e-05 4.67608e-05 3.84107e-05 3.28439e-05 3.67407e-05 2.61638e-05 2.0597e-05 1.55869e-05 1.28036e-05 1.16902e-05 1.28036e-05 1.11335e-05 7.79347e-06 6.68012e-06 5.01009e-06 5.01009e-06 2.78338e-06 2.78338e-06 3.34006e-06 1.11335e-06 2.22671e-06 0 2.22671e-06 1.11335e-06 5.56677e-07 0 1.11335e-06 5.56677e-07 5.56677e-07 5.56677e-07 5.56677e-07 0 1.11335e-06 0 5.56677e-07 0 0 0 0 0 0 0 0 0 0 0 0 0 0 0 0 0 0 0 0 0 0 0 0 0 0 0 0 0 0 0 0 0 0 0 0 0 0 0 0 0 0 0 0 0 0 0 0 0 0 0 0 0 0 0 0 0 0 
0 0.000135272 0.000137499 9.79751e-05 8.12748e-05 8.29448e-05 5.90077e-05 5.6781e-05 5.56677e-05 4.56475e-05 3.34006e-05 3.22872e-05 2.39371e-05 2.50504e-05 1.61436e-05 1.61436e-05 1.22469e-05 1.39169e-05 1.22469e-05 5.01009e-06 6.68012e-06 6.12344e-06 6.12344e-06 2.22671e-06 1.11335e-06 2.22671e-06 1.67003e-06 1.11335e-06 1.67003e-06 1.11335e-06 5.56677e-07 5.56677e-07 1.11335e-06 5.56677e-07 0 5.56677e-07 0 0 0 0 0 0 5.56677e-07 0 0 0 0 0 0 0 0 0 0 0 0 0 0 0 0 0 0 0 0 0 0 0 0 0 0 0 0 0 0 0 0 0 0 0 0 0 0 0 0 0 0 0 0 0 0 0 0 0 0 0 0 0 0 0 0 0 
0 0.000130819 0.000142509 0.000122469 8.01614e-05 0.000101872 8.07181e-05 6.79146e-05 5.28843e-05 5.01009e-05 3.50706e-05 3.39573e-05 3.17306e-05 2.50504e-05 2.11537e-05 2.11537e-05 1.61436e-05 1.39169e-05 8.90683e-06 7.79347e-06 7.2368e-06 1.16902e-05 7.79347e-06 4.45341e-06 6.12344e-06 1.67003e-06 1.11335e-06 5.56677e-07 5.56677e-07 1.11335e-06 0 5.56677e-07 0 0 1.11335e-06 0 0 0 5.56677e-07 0 0 5.56677e-07 0 0 0 0 0 0 0 0 0 0 0 0 0 0 0 0 0 0 0 0 0 0 0 0 0 0 0 0 0 0 0 0 0 0 0 0 0 0 0 0 0 0 0 0 0 0 0 0 0 0 0 0 0 0 0 0 0 0 
0 0.000168673 0.000151973 0.000123026 9.51917e-05 0.000106325 7.5708e-05 6.23478e-05 6.84712e-05 6.23478e-05 4.73175e-05 3.56273e-05 3.28439e-05 2.89472e-05 2.0597e-05 2.00404e-05 1.55869e-05 1.61436e-05 1.05769e-05 1.33602e-05 1.39169e-05 1.05769e-05 8.35015e-06 5.56677e-06 5.56677e-06 2.22671e-06 2.22671e-06 4.45341e-06 1.67003e-06 2.22671e-06 1.67003e-06 2.78338e-06 1.11335e-06 1.11335e-06 0 1.67003e-06 0 0 5.56677e-07 0 0 0 5.56677e-07 5.56677e-07 0 0 0 0 0 0 0 0 0 0 0 0 5.56677e-07 0 0 0 0 0 0 0 0 0 0 0 0 0 0 0 0 0 0 0 0 0 0 0 0 0 0 0 0 0 0 0 0 0 0 0 0 0 0 0 0 0 0 0 
0 0.00017257 0.000177023 0.000148633 0.000118015 0.000120799 7.45947e-05 7.45947e-05 6.29045e-05 5.45543e-05 5.39976e-05 5.06576e-05 4.56475e-05 3.72973e-05 2.28237e-05 2.22671e-05 2.22671e-05 1.67003e-05 1.7257e-05 1.22469e-05 8.35015e-06 1.00202e-05 9.4635e-06 5.56677e-06 6.68012e-06 4.45341e-06 5.56677e-06 3.34006e-06 4.45341e-06 4.45341e-06 2.22671e-06 5.56677e-07 2.22671e-06 1.67003e-06 1.11335e-06 0 1.67003e-06 1.67003e-06 1.67003e-06 0 5.56677e-07 0 0 0 0 0 0 5.56677e-07 5.56677e-07 0 0 0 0 0 0 0 0 0 0 0 0 0 0 0 0 0 0 0 0 0 0 0 0 0 0 0 0 0 0 0 0 0 0 0 0 0 0 0 0 0 0 0 0 0 0 0 0 0 0 0 
0 0.00018927 0.000185373 0.000164776 0.000129149 0.000118572 0.000107439 8.57282e-05 8.73982e-05 6.06778e-05 5.56677e-05 4.95442e-05 4.67608e-05 3.06172e-05 2.61638e-05 3.39573e-05 1.61436e-05 1.67003e-05 1.94837e-05 9.4635e-06 1.50303e-05 1.05769e-05 8.35015e-06 8.90683e-06 7.2368e-06 4.45341e-06 4.45341e-06 4.45341e-06 3.34006e-06 1.67003e-06 5.56677e-07 5.56677e-07 5.56677e-07 0 0 1.11335e-06 0 5.56677e-07 5.56677e-07 5.56677e-07 0 0 0 0 5.56677e-07 0 0 0 0 0 0 0 0 0 0 0 0 0 0 0 0 0 0 0 0 0 0 0 0 0 0 0 0 0 0 0 0 0 0 0 0 0 0 0 0 0 0 0 0 0 0 0 0 0 0 0 0 0 0 0 
0 0.000214877 0.000198177 0.00016589 0.000131932 0.000134716 0.000104655 0.000115232 8.79549e-05 6.73579e-05 6.68012e-05 5.56677e-05 4.62042e-05 3.22872e-05 3.4514e-05 3.22872e-05 1.94837e-05 1.94837e-05 2.0597e-05 1.61436e-05 1.33602e-05 1.22469e-05 8.90683e-06 1.00202e-05 5.01009e-06 3.89674e-06 4.45341e-06 3.89674e-06 2.22671e-06 2.78338e-06 1.67003e-06 1.11335e-06 0 2.22671e-06 5.56677e-07 1.67003e-06 5.56677e-07 0 5.56677e-07 5.56677e-07 5.56677e-07 0 5.56677e-07 0 0 0 0 5.56677e-07 5.56677e-07 0 0 0 0 5.56677e-07 0 0 0 0 0 0 0 0 0 0 0 0 0 0 0 5.56677e-07 0 0 0 0 0 0 0 0 0 0 0 0 0 0 0 0 0 0 0 0 0 0 0 0 0 0 0 0 0 0 
0 0.000248278 0.000253288 0.000167003 0.000146963 0.000159766 9.90884e-05 9.79751e-05 9.74184e-05 9.51917e-05 6.84712e-05 6.62445e-05 5.17709e-05 4.78742e-05 3.67407e-05 3.11739e-05 3.17306e-05 2.56071e-05 2.17104e-05 1.55869e-05 1.16902e-05 1.28036e-05 8.90683e-06 1.11335e-05 7.2368e-06 4.45341e-06 6.68012e-06 1.67003e-06 3.34006e-06 4.45341e-06 1.11335e-06 1.67003e-06 1.67003e-06 5.56677e-07 5.56677e-07 5.56677e-07 5.56677e-07 1.11335e-06 0 0 5.56677e-07 0 5.56677e-07 0 5.56677e-07 0 0 0 0 0 0 0 0 0 0 0 0 0 0 0 0 0 0 0 0 0 0 0 0 0 0 0 0 0 0 0 0 0 0 0 0 0 0 0 0 0 0 0 0 0 0 0 0 0 0 0 0 0 0 0 
0 0.000256628 0.000231021 0.000174796 0.000170343 0.000182033 0.000120799 0.000111892 9.4635e-05 9.2965e-05 7.29246e-05 6.34611e-05 6.23478e-05 4.67608e-05 4.73175e-05 3.9524e-05 2.61638e-05 1.8927e-05 2.33804e-05 2.50504e-05 1.44736e-05 1.11335e-05 9.4635e-06 1.16902e-05 8.35015e-06 7.2368e-06 5.01009e-06 3.34006e-06 2.78338e-06 2.78338e-06 4.45341e-06 1.11335e-06 3.34006e-06 3.34006e-06 5.56677e-07 1.67003e-06 0 0 5.56677e-07 0 1.11335e-06 5.56677e-07 5.56677e-07 0 0 0 0 0 0 0 0 0 0 0 5.56677e-07 0 0 0 5.56677e-07 0 0 0 0 0 0 0 0 0 0 0 0 0 0 0 0 0 0 0 0 0 0 0 0 0 0 0 0 0 0 0 0 0 0 0 0 0 0 0 0 0 
0 0.000269432 0.000248278 0.000192053 0.000203744 0.000178137 0.000145849 0.000119129 0.000115789 0.000105769 8.18315e-05 8.12748e-05 4.73175e-05 6.17911e-05 5.12143e-05 3.7854e-05 3.39573e-05 3.7854e-05 2.50504e-05 1.8927e-05 2.17104e-05 1.22469e-05 7.79347e-06 6.68012e-06 7.79347e-06 5.56677e-06 5.01009e-06 6.12344e-06 4.45341e-06 2.22671e-06 2.78338e-06 3.89674e-06 2.22671e-06 5.56677e-07 1.11335e-06 1.11335e-06 1.67003e-06 1.11335e-06 5.56677e-07 1.11335e-06 1.11335e-06 5.56677e-07 0 0 0 0 0 0 0 0 0 0 0 0 0 0 0 0 0 0 0 0 0 0 0 0 0 0 0 0 0 0 0 0 0 0 0 0 0 0 0 0 0 0 0 0 0 0 0 0 0 0 0 0 0 0 0 0 0 0 
0 0.000282235 0.000284462 0.000224341 0.00019261 0.00020764 0.000140839 0.000141953 0.000123582 0.000118572 8.79549e-05 8.85116e-05 7.45947e-05 6.73579e-05 4.56475e-05 3.7854e-05 3.34006e-05 3.22872e-05 3.11739e-05 2.61638e-05 2.17104e-05 1.67003e-05 1.78137e-05 9.4635e-06 1.00202e-05 7.79347e-06 5.01009e-06 5.56677e-06 7.2368e-06 3.34006e-06 3.89674e-06 3.34006e-06 2.78338e-06 1.67003e-06 1.67003e-06 1.11335e-06 1.67003e-06 5.56677e-07 0 0 5.56677e-07 0 1.11335e-06 0 0 0 0 0 0 0 5.56677e-07 0 0 0 0 0 0 0 0 0 0 0 0 0 0 0 0 0 0 0 0 0 0 0 0 0 0 0 0 0 0 0 0 0 0 0 0 0 0 0 0 0 0 0 0 0 0 0 0 0 
0 0.000316192 0.000300049 0.000217104 0.00020597 0.00021098 0.000173683 0.000146406 0.000139726 0.000117459 0.000107439 9.2965e-05 8.23881e-05 6.45745e-05 5.5111e-05 4.50908e-05 4.95442e-05 3.7854e-05 3.34006e-05 2.44938e-05 1.94837e-05 1.67003e-05 1.67003e-05 1.28036e-05 1.55869e-05 1.50303e-05 7.79347e-06 7.2368e-06 5.56677e-06 3.34006e-06 3.89674e-06 3.34006e-06 4.45341e-06 1.67003e-06 2.22671e-06 1.67003e-06 1.11335e-06 5.56677e-07 5.56677e-07 1.11335e-06 0 1.67003e-06 5.56677e-07 5.56677e-07 0 0 5.56677e-07 1.11335e-06 0 0 5.56677e-07 0 0 0 0 0 5.56677e-07 0 0 0 0 0 0 5.56677e-07 0 0 0 0 0 0 0 0 0 0 0 0 0 0 0 0 0 0 0 0 0 0 0 0 0 0 0 0 0 0 0 0 0 0 0 0 
0 0.000328996 0.000305059 0.000259968 0.000248278 0.000252731 0.000158096 0.000155313 0.000140839 0.000129706 0.000122469 0.000111335 7.84914e-05 6.79146e-05 5.3441e-05 5.90077e-05 5.28843e-05 4.06374e-05 3.67407e-05 3.11739e-05 2.39371e-05 2.50504e-05 2.50504e-05 1.22469e-05 1.11335e-05 1.05769e-05 8.35015e-06 7.79347e-06 1.05769e-05 6.68012e-06 2.78338e-06 3.34006e-06 3.89674e-06 1.67003e-06 2.22671e-06 2.78338e-06 1.67003e-06 5.56677e-07 2.22671e-06 1.67003e-06 0 0 5.56677e-07 0 0 5.56677e-07 0 0 0 0 5.56677e-07 0 0 0 0 0 0 0 0 0 0 0 0 0 0 0 0 0 0 0 0 0 0 0 0 0 0 0 0 0 0 0 0 0 0 0 0 0 0 0 0 0 0 0 0 0 0 0 0 0 
0 0.000354603 0.00034848 0.000271658 0.000249948 0.000289472 0.000196507 0.000181477 0.000158096 0.000140283 0.000119129 0.000125252 8.29448e-05 8.35015e-05 6.68012e-05 5.3441e-05 5.06576e-05 5.3441e-05 4.17507e-05 3.7854e-05 3.00605e-05 2.0597e-05 2.33804e-05 1.7257e-05 1.11335e-05 1.16902e-05 7.79347e-06 6.68012e-06 2.78338e-06 7.79347e-06 4.45341e-06 6.12344e-06 5.56677e-06 3.34006e-06 2.22671e-06 2.78338e-06 1.67003e-06 5.56677e-07 5.56677e-07 0 5.56677e-07 1.11335e-06 5.56677e-07 0 5.56677e-07 0 1.11335e-06 0 0 0 0 0 1.11335e-06 0 0 0 1.11335e-06 0 0 0 0 0 0 0 0 0 0 0 0 0 0 0 0 0 0 0 0 0 0 0 0 0 0 0 0 0 0 0 0 0 0 0 0 0 0 0 0 0 0 0 
0 0.000374087 0.000359613 0.000300605 0.000256071 0.000263865 0.00019094 0.000203187 0.000174796 0.000157539 0.000123582 0.000126366 0.000109665 8.90683e-05 8.01614e-05 7.18113e-05 5.3441e-05 5.56677e-05 3.89674e-05 4.17507e-05 3.56273e-05 2.56071e-05 2.33804e-05 2.28237e-05 1.78137e-05 1.11335e-05 7.79347e-06 8.35015e-06 1.00202e-05 8.90683e-06 4.45341e-06 3.89674e-06 2.78338e-06 4.45341e-06 1.11335e-06 2.78338e-06 1.11335e-06 1.67003e-06 2.78338e-06 1.11335e-06 1.67003e-06 1.11335e-06 1.11335e-06 0 0 0 1.11335e-06 5.56677e-07 0 0 0 0 0 0 0 0 0 0 0 0 0 0 0 0 0 0 0 0 0 0 0 0 0 0 0 0 0 0 0 0 0 0 0 0 0 0 0 0 0 0 0 0 0 0 0 0 0 0 0 0 
0 0.000367407 0.00038689 0.000312296 0.000298379 0.000274998 0.000206527 0.000189827 0.000186487 0.00017591 0.000152529 0.000137499 0.000111335 0.000109109 8.90683e-05 7.29246e-05 5.5111e-05 6.23478e-05 5.17709e-05 4.11941e-05 3.4514e-05 2.83905e-05 2.56071e-05 1.94837e-05 2.22671e-05 1.39169e-05 1.22469e-05 1.16902e-05 1.22469e-05 4.45341e-06 5.56677e-06 6.12344e-06 3.89674e-06 4.45341e-06 5.56677e-07 1.67003e-06 2.22671e-06 0 3.89674e-06 5.56677e-07 5.56677e-07 0 0 0 0 0 0 0 0 0 0 0 5.56677e-07 0 0 0 1.11335e-06 0 0 0 0 0 0 0 0 0 0 0 0 0 0 0 0 0 0 0 0 0 0 0 0 0 0 0 0 0 0 0 0 0 0 0 0 0 0 0 0 0 0 0 
0 0.000404704 0.000389117 0.000349593 0.000269988 0.000279452 0.000228237 0.000224341 0.000218774 0.000195393 0.000138612 0.000152529 0.000134716 0.000105769 9.01816e-05 7.84914e-05 6.62445e-05 5.5111e-05 4.78742e-05 4.28641e-05 3.56273e-05 3.39573e-05 3.4514e-05 2.17104e-05 1.8927e-05 1.94837e-05 1.22469e-05 1.16902e-05 8.35015e-06 8.35015e-06 7.2368e-06 6.12344e-06 5.56677e-06 8.90683e-06 3.34006e-06 3.34006e-06 2.22671e-06 0 5.56677e-07 2.22671e-06 1.11335e-06 1.67003e-06 1.67003e-06 1.11335e-06 0 0 1.67003e-06 0 0 0 0 0 0 0 0 0 0 0 0 0 0 0 0 0 0 0 0 0 0 0 0 0 0 0 0 0 0 0 0 0 0 0 0 0 0 0 0 0 0 0 0 0 0 0 0 0 0 0 0 0 
0 0.000405261 0.000425858 0.00035683 0.000306172 0.000335676 0.000249948 0.000231577 0.00019929 0.000198734 0.000171456 0.000170343 0.000131376 0.000105212 9.24083e-05 9.01816e-05 7.34813e-05 6.62445e-05 5.45543e-05 5.62243e-05 3.22872e-05 3.17306e-05 2.61638e-05 2.83905e-05 2.39371e-05 1.7257e-05 1.55869e-05 1.28036e-05 1.00202e-05 8.90683e-06 6.68012e-06 5.56677e-06 9.4635e-06 2.22671e-06 5.01009e-06 1.67003e-06 1.11335e-06 2.78338e-06 2.22671e-06 1.11335e-06 2.78338e-06 1.67003e-06 0 5.56677e-07 1.67003e-06 5.56677e-07 0 5.56677e-07 0 0 5.56677e-07 0 0 0 0 5.56677e-07 0 0 0 0 0 0 0 0 0 0 0 0 0 0 0 0 0 0 0 0 0 0 0 0 0 0 0 0 0 0 0 0 0 0 0 0 0 0 0 0 0 0 0 0 
0 0.000443671 0.00039357 0.000364067 0.000305059 0.000330109 0.000263865 0.000239928 0.000219887 0.000193167 0.000183703 0.00018927 0.000144179 0.000111892 0.000114119 9.4635e-05 8.35015e-05 6.62445e-05 6.06778e-05 5.56677e-05 4.39775e-05 3.89674e-05 3.6184e-05 3.50706e-05 2.44938e-05 1.8927e-05 1.55869e-05 1.22469e-05 1.83703e-05 7.79347e-06 7.2368e-06 8.90683e-06 7.79347e-06 7.79347e-06 5.01009e-06 5.56677e-06 4.45341e-06 1.11335e-06 3.34006e-06 2.22671e-06 1.11335e-06 1.11335e-06 1.67003e-06 0 5.56677e-07 5.56677e-07 0 1.67003e-06 5.56677e-07 0 1.11335e-06 0 5.56677e-07 0 0 0 5.56677e-07 0 0 0 0 0 0 0 0 0 0 0 0 0 0 0 0 0 0 0 0 0 0 0 0 0 0 0 0 0 0 0 0 0 0 0 0 0 0 0 0 0 0 0 
0 0.000436434 0.000445341 0.00037687 0.000303945 0.000349036 0.000274998 0.000237144 0.000238258 0.000231577 0.0001876 0.000163663 0.000153086 0.000136942 0.000128592 8.68416e-05 8.96249e-05 8.51715e-05 6.79146e-05 5.90077e-05 4.78742e-05 3.84107e-05 3.72973e-05 2.50504e-05 2.50504e-05 2.78338e-05 1.44736e-05 1.83703e-05 1.39169e-05 7.2368e-06 1.16902e-05 7.79347e-06 5.56677e-06 6.68012e-06 2.22671e-06 5.56677e-06 1.11335e-06 2.78338e-06 1.67003e-06 3.34006e-06 3.34006e-06 2.22671e-06 1.67003e-06 1.11335e-06 5.56677e-07 5.56677e-07 0 1.11335e-06 0 0 0 0 0 0 0 0 0 1.11335e-06 0 0 0 0 0 0 0 0 0 0 0 0 0 0 0 0 0 0 0 0 0 0 0 0 0 0 0 0 0 0 0 0 0 0 0 0 0 0 0 0 0 0 
0 0.000435321 0.000437548 0.000377983 0.000337903 0.000339016 0.000263865 0.000246051 0.000255515 0.000229907 0.000186487 0.000189827 0.000169786 0.000154199 0.000133602 0.000114119 9.40784e-05 8.73982e-05 7.79347e-05 6.51312e-05 5.45543e-05 4.84309e-05 3.9524e-05 3.56273e-05 3.67407e-05 2.33804e-05 2.0597e-05 1.83703e-05 1.67003e-05 1.28036e-05 1.00202e-05 1.11335e-05 1.00202e-05 8.35015e-06 8.90683e-06 5.01009e-06 5.01009e-06 3.34006e-06 4.45341e-06 1.67003e-06 1.67003e-06 2.22671e-06 1.11335e-06 1.11335e-06 1.11335e-06 0 0 5.56677e-07 0 0 0 0 0 0 0 0 0 0 0 0 0 0 0 0 0 0 0 0 0 0 0 0 0 0 0 0 0 0 0 0 0 0 0 0 0 0 0 0 0 0 0 0 0 0 0 0 0 0 0 0 
0 0.000414167 0.000432538 0.00037019 0.000326769 0.000384107 0.000267205 0.000286132 0.000265535 0.000257185 0.000222671 0.00019762 0.000185373 0.000150859 0.000125252 0.000118015 9.1295e-05 8.85116e-05 8.23881e-05 7.12546e-05 7.12546e-05 5.3441e-05 4.28641e-05 4.06374e-05 3.34006e-05 2.72772e-05 2.44938e-05 1.78137e-05 2.39371e-05 1.39169e-05 1.50303e-05 1.00202e-05 1.11335e-05 6.12344e-06 8.35015e-06 4.45341e-06 2.22671e-06 2.78338e-06 1.67003e-06 5.56677e-06 5.56677e-07 1.67003e-06 5.56677e-07 5.56677e-07 1.67003e-06 1.11335e-06 0 5.56677e-07 0 1.11335e-06 0 0 5.56677e-07 5.56677e-07 0 0 0 0 0 0 0 0 0 0 0 0 0 0 0 0 0 0 0 0 0 0 0 0 0 0 0 0 0 0 0 0 0 0 0 0 0 0 0 0 0 0 0 0 0 0 
0 0.000444785 0.000454805 0.000405261 0.000339016 0.000372973 0.000291699 0.000268875 0.000251618 0.000242154 0.000205414 0.000226011 0.00019428 0.000157539 0.000154756 0.000129149 9.57484e-05 9.96451e-05 0.000102429 6.90279e-05 6.73579e-05 5.23276e-05 4.62042e-05 4.50908e-05 3.89674e-05 3.50706e-05 2.44938e-05 2.39371e-05 1.50303e-05 1.83703e-05 1.50303e-05 1.22469e-05 8.90683e-06 9.4635e-06 1.33602e-05 6.68012e-06 7.79347e-06 5.56677e-06 2.78338e-06 2.78338e-06 2.78338e-06 1.67003e-06 1.11335e-06 5.56677e-07 1.67003e-06 1.11335e-06 5.56677e-07 0 1.67003e-06 5.56677e-07 5.56677e-07 0 0 1.67003e-06 5.56677e-07 0 5.56677e-07 5.56677e-07 0 5.56677e-07 0 0 0 0 0 0 0 0 5.56677e-07 0 0 0 0 0 0 0 0 0 0 0 0 0 0 0 0 0 0 0 0 0 0 0 0 0 0 0 0 0 0 0 
0 0.000415281 0.000433651 0.000385777 0.000346253 0.000359613 0.000286132 0.000285018 0.000233804 0.000248834 0.000208197 0.000228237 0.000183147 0.00015921 0.000136942 0.000134159 0.000107995 0.000111335 8.96249e-05 7.29246e-05 7.29246e-05 6.73579e-05 5.39976e-05 5.6781e-05 4.28641e-05 3.4514e-05 2.89472e-05 2.56071e-05 1.83703e-05 1.7257e-05 1.33602e-05 8.90683e-06 8.35015e-06 1.39169e-05 8.35015e-06 8.90683e-06 4.45341e-06 1.11335e-06 5.56677e-06 2.78338e-06 2.78338e-06 3.89674e-06 1.11335e-06 2.22671e-06 5.56677e-07 0 5.56677e-07 5.56677e-07 1.11335e-06 5.56677e-07 5.56677e-07 0 1.67003e-06 0 5.56677e-07 0 0 0 0 0 0 0 0 0 0 0 0 0 0 0 0 0 0 0 0 0 0 0 0 0 0 0 0 0 0 0 0 0 0 0 0 0 0 0 0 0 0 0 0 0 
0 0.000400807 0.000460928 0.00039524 0.000315636 0.000402477 0.000284462 0.000301719 0.000278895 0.000240484 0.000224341 0.000221557 0.00019428 0.00018593 0.000168673 0.000124696 0.000138056 0.000120242 9.51917e-05 8.18315e-05 7.5708e-05 6.01211e-05 6.29045e-05 5.23276e-05 4.56475e-05 3.9524e-05 3.50706e-05 2.89472e-05 2.61638e-05 2.0597e-05 1.67003e-05 1.94837e-05 7.79347e-06 1.16902e-05 1.05769e-05 8.35015e-06 7.2368e-06 6.68012e-06 4.45341e-06 6.68012e-06 4.45341e-06 4.45341e-06 1.11335e-06 1.67003e-06 1.11335e-06 1.11335e-06 5.56677e-07 0 1.11335e-06 1.11335e-06 0 0 0 1.11335e-06 0 0 5.56677e-07 0 0 5.56677e-07 0 0 0 0 0 0 0 0 0 0 0 0 0 0 0 0 0 0 0 0 0 0 0 0 0 0 0 0 0 0 0 0 0 0 0 0 0 0 0 0 
0 0.00038689 0.000426971 0.000377983 0.000317306 0.00039357 0.000302275 0.000275555 0.000281122 0.000278338 0.000213207 0.000234918 0.000214877 0.000184817 0.000146963 0.000140283 0.000126922 0.000126366 9.40784e-05 9.85318e-05 8.85116e-05 7.90481e-05 4.50908e-05 4.95442e-05 4.45341e-05 3.72973e-05 3.28439e-05 3.50706e-05 2.28237e-05 2.61638e-05 2.17104e-05 1.44736e-05 1.61436e-05 1.39169e-05 1.00202e-05 8.35015e-06 6.12344e-06 7.2368e-06 3.34006e-06 3.34006e-06 3.34006e-06 1.11335e-06 3.34006e-06 2.78338e-06 5.56677e-07 1.11335e-06 1.11335e-06 5.56677e-07 0 5.56677e-07 0 0 0 0 0 5.56677e-07 0 0 0 0 5.56677e-07 0 0 0 0 0 0 0 0 0 0 0 0 0 0 0 0 0 0 0 0 0 0 0 0 0 0 0 0 0 0 0 0 0 0 0 0 0 0 0 
0 0.000400807 0.000414167 0.00036518 0.000332893 0.00037186 0.000291142 0.000269988 0.000299492 0.000280565 0.000236588 0.000261081 0.000213207 0.000198734 0.000161436 0.000169786 0.000151973 0.000119685 0.000114675 9.63051e-05 9.63051e-05 7.29246e-05 7.12546e-05 5.56677e-05 4.78742e-05 5.45543e-05 4.11941e-05 3.50706e-05 3.4514e-05 2.67205e-05 2.11537e-05 2.00404e-05 1.16902e-05 1.61436e-05 1.11335e-05 4.45341e-06 8.90683e-06 5.01009e-06 4.45341e-06 8.35015e-06 2.78338e-06 4.45341e-06 3.34006e-06 2.22671e-06 1.67003e-06 1.67003e-06 2.22671e-06 1.11335e-06 1.67003e-06 5.56677e-07 5.56677e-07 0 1.67003e-06 5.56677e-07 0 0 1.11335e-06 0 0 0 0 0 5.56677e-07 0 0 5.56677e-07 0 0 0 0 0 0 0 0 0 0 0 0 0 0 0 0 0 0 0 0 0 0 0 0 0 0 0 0 0 0 0 0 0 0 
0 0.000371303 0.00037687 0.000382994 0.000333449 0.00037353 0.000287802 0.000282792 0.000286688 0.000259968 0.000267205 0.000278338 0.000221001 0.00019261 0.000171456 0.000154199 0.000144736 0.000148076 0.000124139 0.000106325 8.90683e-05 7.84914e-05 8.18315e-05 6.79146e-05 5.28843e-05 5.01009e-05 4.17507e-05 3.06172e-05 2.83905e-05 2.83905e-05 2.11537e-05 1.8927e-05 1.50303e-05 1.55869e-05 1.39169e-05 1.22469e-05 1.28036e-05 7.2368e-06 5.01009e-06 5.56677e-06 3.89674e-06 3.34006e-06 3.89674e-06 1.11335e-06 2.22671e-06 5.56677e-07 1.67003e-06 5.56677e-07 1.67003e-06 1.11335e-06 0 5.56677e-07 0 5.56677e-07 0 5.56677e-07 0 0 0 0 0 0 0 0 0 0 0 0 0 0 0 0 0 0 0 0 0 0 0 0 0 0 0 0 0 0 0 0 0 0 0 0 0 0 0 0 0 0 0 0 
0 0.000362953 0.000375757 0.000337903 0.000312852 0.000367407 0.000293369 0.000274442 0.000285575 0.000275555 0.000242154 0.000231577 0.00020931 0.000192053 0.000180363 0.000165333 0.000160323 0.000141396 0.000147519 0.000127479 0.000109665 7.90481e-05 7.90481e-05 7.62647e-05 6.68012e-05 6.45745e-05 4.78742e-05 3.89674e-05 2.95039e-05 3.72973e-05 3.4514e-05 3.22872e-05 1.94837e-05 1.44736e-05 1.44736e-05 1.22469e-05 4.45341e-06 5.01009e-06 5.01009e-06 6.68012e-06 5.01009e-06 3.34006e-06 5.56677e-06 1.67003e-06 2.22671e-06 3.34006e-06 1.11335e-06 0 1.67003e-06 0 1.11335e-06 1.11335e-06 5.56677e-07 0 0 5.56677e-07 0 5.56677e-07 0 0 0 0 0 0 0 0 0 0 0 0 0 0 5.56677e-07 0 0 0 0 0 0 0 0 0 0 0 0 0 0 0 0 0 0 0 0 0 0 0 0 0 0 0 
0 0.00034848 0.000349036 0.000333449 0.000282792 0.00037353 0.000270545 0.000302832 0.000284462 0.000269432 0.000246051 0.000238258 0.000217104 0.000188713 0.000210424 0.000177023 0.000151416 0.000143066 0.000124696 0.000124696 0.000105212 7.84914e-05 7.90481e-05 8.12748e-05 6.29045e-05 5.6781e-05 5.3441e-05 3.6184e-05 3.9524e-05 4.34208e-05 3.50706e-05 2.28237e-05 1.67003e-05 2.00404e-05 1.61436e-05 7.2368e-06 1.05769e-05 1.16902e-05 5.56677e-06 6.68012e-06 6.12344e-06 5.56677e-06 5.56677e-06 2.78338e-06 2.22671e-06 2.22671e-06 5.56677e-07 2.22671e-06 2.22671e-06 5.56677e-07 1.11335e-06 5.56677e-07 5.56677e-07 1.11335e-06 0 5.56677e-07 0 0 0 0 0 5.56677e-07 0 1.11335e-06 0 0 0 0 0 0 0 5.56677e-07 0 0 0 0 0 0 0 0 0 0 0 0 0 0 0 0 0 0 0 0 0 0 0 0 0 0 0 0 
0 0.000311182 0.00035349 0.00034514 0.000316749 0.000326769 0.000274442 0.000283348 0.000282792 0.000278338 0.000241598 0.000239371 0.000219331 0.000219331 0.000196507 0.000183147 0.00016756 0.000158653 0.000136942 0.000129706 0.000102985 0.000104655 9.57484e-05 7.96048e-05 7.34813e-05 5.8451e-05 5.39976e-05 4.67608e-05 4.62042e-05 3.67407e-05 3.6184e-05 1.94837e-05 2.22671e-05 1.67003e-05 2.33804e-05 1.50303e-05 1.44736e-05 5.56677e-06 8.35015e-06 8.90683e-06 5.56677e-06 6.68012e-06 4.45341e-06 4.45341e-06 3.34006e-06 2.78338e-06 3.89674e-06 5.56677e-07 1.67003e-06 1.11335e-06 5.56677e-07 0 0 0 5.56677e-07 0 0 0 0 5.56677e-07 5.56677e-07 0 0 0 0 0 0 0 0 0 0 0 0 0 0 0 0 0 0 0 0 0 0 0 0 0 0 0 0 0 0 0 0 0 0 0 0 0 0 0 
0 0.000316749 0.000344026 0.000308399 0.000290029 0.000341243 0.000257185 0.000255515 0.000267205 0.000267761 0.000238814 0.000248278 0.00021265 0.000219887 0.000184817 0.000176466 0.00017257 0.00015921 0.000136942 0.000122469 0.000126366 0.000105212 8.57282e-05 8.79549e-05 7.79347e-05 7.2368e-05 6.79146e-05 5.28843e-05 5.62243e-05 4.00807e-05 3.50706e-05 3.00605e-05 2.78338e-05 1.94837e-05 1.8927e-05 1.67003e-05 1.22469e-05 1.44736e-05 7.79347e-06 5.01009e-06 7.79347e-06 6.68012e-06 3.89674e-06 5.01009e-06 3.34006e-06 3.89674e-06 2.22671e-06 1.67003e-06 5.56677e-07 5.56677e-07 5.56677e-07 5.56677e-07 1.11335e-06 5.56677e-07 5.56677e-07 1.11335e-06 5.56677e-07 0 0 5.56677e-07 0 0 0 0 0 0 0 0 0 0 0 0 0 0 0 0 0 0 0 0 0 0 0 0 0 0 0 0 0 0 0 0 0 0 0 0 0 0 0 0 
0 0.000290029 0.000326213 0.000281122 0.000264978 0.000299492 0.000282235 0.000278895 0.000269988 0.000256628 0.000229907 0.000234918 0.000217104 0.00020263 0.000177023 0.000192053 0.000167003 0.000153643 0.000140839 0.000133046 0.000127479 0.000114119 0.000104655 9.68617e-05 7.96048e-05 7.45947e-05 6.29045e-05 5.95644e-05 5.6781e-05 3.6184e-05 3.11739e-05 3.28439e-05 3.00605e-05 2.39371e-05 1.83703e-05 1.61436e-05 1.55869e-05 1.44736e-05 1.44736e-05 6.68012e-06 7.79347e-06 8.90683e-06 6.12344e-06 6.68012e-06 6.12344e-06 1.11335e-06 2.22671e-06 1.67003e-06 1.11335e-06 2.78338e-06 5.56677e-07 0 1.67003e-06 0 1.11335e-06 5.56677e-07 5.56677e-07 0 0 0 5.56677e-07 0 0 5.56677e-07 0 0 0 0 0 0 0 0 0 0 0 0 0 0 0 0 0 0 0 0 0 0 0 0 0 0 0 0 0 0 0 0 0 0 0 0 
0 0.000259968 0.000293925 0.000259968 0.000257741 0.000281122 0.000240484 0.000244938 0.000245494 0.000245494 0.000223227 0.000269988 0.000232691 0.000206527 0.000183703 0.00016422 0.000172013 0.00017424 0.000153643 0.000132489 0.000136942 9.79751e-05 0.000104099 8.01614e-05 9.40784e-05 6.23478e-05 6.17911e-05 7.2368e-05 5.23276e-05 5.06576e-05 4.06374e-05 3.4514e-05 3.17306e-05 3.17306e-05 2.56071e-05 1.83703e-05 1.8927e-05 1.00202e-05 8.35015e-06 7.79347e-06 9.4635e-06 8.35015e-06 6.12344e-06 5.01009e-06 3.89674e-06 2.22671e-06 2.22671e-06 2.22671e-06 1.11335e-06 1.11335e-06 5.56677e-07 1.11335e-06 0 5.56677e-07 1.11335e-06 2.22671e-06 0 0 0 0 0 0 5.56677e-07 0 0 0 0 0 0 0 0 0 0 0 0 0 0 0 0 0 0 0 0 0 0 0 0 0 0 0 0 0 0 0 0 0 0 0 0 0 
0 0.000239371 0.000274442 0.000261081 0.000239928 0.000287245 0.000230464 0.000214877 0.000239928 0.000227681 0.00020764 0.000238258 0.00019595 0.00019762 0.00017758 0.0001709 0.00016756 0.000158653 0.000156983 0.000140283 0.000138612 0.000109665 0.000104099 8.68416e-05 9.07383e-05 7.45947e-05 6.79146e-05 6.06778e-05 5.78944e-05 4.78742e-05 4.50908e-05 4.78742e-05 3.7854e-05 3.22872e-05 2.61638e-05 2.00404e-05 1.78137e-05 1.83703e-05 1.22469e-05 1.61436e-05 1.16902e-05 8.35015e-06 8.90683e-06 3.89674e-06 6.12344e-06 3.89674e-06 2.78338e-06 5.56677e-07 4.45341e-06 3.34006e-06 2.78338e-06 5.56677e-07 5.56677e-07 5.56677e-07 2.22671e-06 5.56677e-07 5.56677e-07 5.56677e-07 1.11335e-06 0 5.56677e-07 0 0 0 0 5.56677e-07 0 0 5.56677e-07 0 0 0 0 0 0 0 0 0 0 0 0 0 0 0 0 0 0 0 0 0 0 0 0 0 0 0 0 0 0 0 
0 0.000234361 0.000267761 0.000231021 0.00021265 0.000243268 0.000222114 0.000261081 0.000243824 0.000217661 0.000196507 0.000242711 0.000202074 0.000214877 0.000198734 0.000175353 0.000159766 0.00016589 0.000134159 0.000147519 0.000132489 0.000137499 0.000115789 9.74184e-05 9.01816e-05 8.79549e-05 7.73781e-05 7.01413e-05 6.51312e-05 5.01009e-05 4.50908e-05 3.67407e-05 2.89472e-05 3.39573e-05 3.06172e-05 2.44938e-05 1.67003e-05 2.11537e-05 1.78137e-05 1.05769e-05 8.90683e-06 1.28036e-05 5.01009e-06 4.45341e-06 5.01009e-06 6.12344e-06 4.45341e-06 3.34006e-06 2.22671e-06 3.34006e-06 2.78338e-06 5.56677e-07 1.67003e-06 1.11335e-06 0 5.56677e-07 1.67003e-06 1.11335e-06 1.11335e-06 0 5.56677e-07 0 0 0 5.56677e-07 5.56677e-07 0 0 0 0 0 0 0 0 0 0 0 0 0 0 0 0 0 0 0 0 0 0 0 0 0 0 0 0 0 0 0 0 0 0 
0 0.000221557 0.000238814 0.000223784 0.00019762 0.000231021 0.000206527 0.000222114 0.000236588 0.000220444 0.000187043 0.000212094 0.000193723 0.000179807 0.000180363 0.00018426 0.000174796 0.000166446 0.000150303 0.000136942 0.000124696 0.000130262 0.000108552 0.000105212 8.46148e-05 8.51715e-05 9.24083e-05 5.8451e-05 6.84712e-05 5.45543e-05 5.28843e-05 4.56475e-05 4.11941e-05 3.50706e-05 3.22872e-05 1.8927e-05 1.94837e-05 1.67003e-05 1.7257e-05 1.05769e-05 1.11335e-05 5.01009e-06 5.56677e-06 6.12344e-06 8.90683e-06 2.78338e-06 3.34006e-06 5.01009e-06 2.22671e-06 2.22671e-06 1.11335e-06 1.11335e-06 1.67003e-06 1.11335e-06 1.11335e-06 5.56677e-07 0 0 0 0 5.56677e-07 0 0 0 0 0 0 0 5.56677e-07 0 0 0 0 0 0 0 0 0 0 0 0 0 0 0 0 0 0 0 0 0 0 0 0 0 0 0 0 0 0 0 
0 0.00020096 0.000215434 0.000195393 0.000183703 0.000227681 0.000183703 0.000200404 0.000212094 0.00020931 0.000192053 0.000217661 0.000178693 0.000166446 0.000190383 0.00016756 0.000164776 0.00017758 0.000157539 0.000148633 0.000149746 0.000119129 0.000110779 0.000113562 9.74184e-05 9.24083e-05 8.35015e-05 6.95846e-05 5.95644e-05 5.23276e-05 4.67608e-05 4.11941e-05 2.56071e-05 2.44938e-05 3.50706e-05 2.50504e-05 2.28237e-05 1.22469e-05 2.39371e-05 1.61436e-05 6.68012e-06 1.55869e-05 6.12344e-06 5.56677e-06 7.79347e-06 7.2368e-06 4.45341e-06 5.01009e-06 3.34006e-06 5.56677e-07 1.67003e-06 1.67003e-06 1.67003e-06 1.67003e-06 1.67003e-06 0 0 1.11335e-06 0 0 0 0 0 5.56677e-07 0 5.56677e-07 0 5.56677e-07 0 0 0 5.56677e-07 0 0 1.11335e-06 0 0 0 0 0 0 0 0 0 0 0 0 0 0 0 0 0 0 0 0 0 0 0 0 0 
