0.000459815
0.000279452
0.000320089
0.000369633
0.000406374
0.000467052
0.000536636
0.000639621
0.000728133
0.000806068
0.000885116
0.00103375
0.00116624
0.00132656
0.00146295
0.00168172
0.00194837
0.00227903
0.00261304
0.00289806
0.00325823
0.00375423
0.00420959
0.00472563
0.00524612
0.0058991
0.00657713
0.00724849
0.00801614
0.00894635
0.00982813
0.0108123
0.012007
0.0131365
0.0140817
0.0154255
0.016781
0.0181699
0.0195299
0.020783
0.0220795
0.0234539
0.0248122
0.0257552
0.026976
0.0280832
0.0284918
0.0290791
0.0298457
0.0301646
0.0302147
0.0296152
0.0290073
0.0280515
0.0273339
0.0263492
0.0253026
0.0243908
0.0231049
0.0219164
0.0207802
0.0195844
0.0184138
0.0166524
0.0154545
0.0142342
0.0129856
0.0119591
0.0110022
0.00985262
0.00897363
0.00811189
0.00733199
0.00662557
0.00592471
0.00527562
0.00467441
0.00427862
0.00368965
0.00335954
0.00298379
0.00261861
0.00228126
0.0021009
0.00177914
0.00151138
0.00138557
0.00121912
0.00107049
0.00092798
0.000814975
0.000691392
0.000610118
0.000548883
0.000499339
0.000428641
0.00037687
0.000321202
0.000278895
0.000222671
