0.000465382
0.000249948
0.000304502
0.000343469
0.000381324
0.000413611
0.000530513
0.00055278
0.000625148
0.000677475
0.000787141
0.000935773
0.00104711
0.00122024
0.00140617
0.00156537
0.0017719
0.00212205
0.00236087
0.00281344
0.00321648
0.00358333
0.00412553
0.00465771
0.00518322
0.00585123
0.00672298
0.00731696
0.00812637
0.00893299
0.00997509
0.0108958
0.012101
0.0130001
0.0143678
0.0153593
0.0166658
0.0180001
0.0192822
0.0206828
0.0218757
0.022748
0.024295
0.0254474
0.0263408
0.0276128
0.0287702
0.0294387
0.0303511
0.030733
0.0311839
0.0308493
0.0304079
0.0296981
0.0286633
0.0275744
0.026534
0.0249391
0.0234751
0.022242
0.0208999
0.0194497
0.0182618
0.0166357
0.015347
0.0140338
0.012754
0.0116212
0.0106592
0.00944458
0.00854053
0.00770496
0.00683042
0.0060405
0.00543483
0.0047479
0.00425412
0.00388338
0.00335732
0.00300995
0.00267817
0.00238647
0.00215211
0.00193389
0.00165611
0.00148633
0.00129539
0.00110222
0.00103431
0.000897919
0.000754297
0.000656322
0.000607334
0.00055111
0.000461485
0.000428641
0.000396354
0.000345696
0.000310626
0.000261081
