0.000593417
0.000380767
0.000445898
0.000499339
0.000572264
0.000677475
0.000796048
0.00090794
0.000951917
0.0011295
0.00125865
0.00142287
0.00162772
0.001822
0.00206694
0.00243323
0.00273384
0.00301273
0.00347032
0.00394127
0.00437604
0.00495665
0.00543873
0.00610229
0.00658827
0.00720284
0.00784357
0.00859063
0.00932322
0.0099929
0.0107188
0.0116596
0.012523
0.0133524
0.0144641
0.0154823
0.0165216
0.0175158
0.0182434
0.0193556
0.0202396
0.0215478
0.0225821
0.0232808
0.0241497
0.0251529
0.0257485
0.0263842
0.0265986
0.0271892
0.0271319
0.0269092
0.0266765
0.0260274
0.0255047
0.0248584
0.0243257
0.0234678
0.0227369
0.0218078
0.020646
0.0194163
0.0184132
0.0175008
0.0162505
0.015239
0.0142409
0.0131036
0.0121623
0.0110862
0.0101326
0.00922469
0.00838522
0.00752515
0.0067664
0.00603215
0.0054198
0.00482472
0.00444896
0.00389061
0.00338404
0.00309067
0.00268374
0.00235029
0.00206638
0.00191831
0.00161381
0.00143845
0.001267
0.0011295
0.00100981
0.000867859
0.000828335
0.000704196
0.000629045
0.000568367
0.000501009
0.000440331
0.000391344
0.000320089
