0.0101465
0.0102891
0.00962605
0.00976077
0.00972737
0.00965277
0.00930374
0.00939503
0.00947408
0.00937944
0.00951583
0.00936664
0.00945571
0.00940839
0.00913952
0.00914397
0.00931487
0.0101003
0.0103575
0.00991719
0.00956148
0.0106704
0.0108908
0.0109342
0.0109226
0.0100536
0.0108819
0.00999457
0.00946684
0.00966391
0.0102083
0.00999513
0.0103542
0.00998622
0.0095882
0.00939837
0.00953754
0.0109743
0.0108686
0.0109971
0.0113183
0.0110439
0.0109114
0.0109393
0.0111591
0.0108669
0.010608
0.0104733
0.0102829
0.0107839
0.0101671
0.00953309
0.00956036
0.00949245
0.00937777
0.00930763
0.00933268
0.00964498
0.00998121
0.0104856
0.00991218
0.00965277
0.0104744
0.0100686
0.00966168
0.00976299
0.00993
0.0103609
0.00988769
0.00979528
0.00965222
0.0100224
0.00994113
0.00952585
0.00971345
0.00973961
0.00967671
0.0106359
0.0106503
0.010495
0.0107444
0.0104639
0.0114954
0.0116652
0.0116457
0.0109866
0.0114636
0.0117843
0.0111263
0.0116507
0.0115243
0.0112482
0.0113345
0.0114219
0.0114102
0.0106364
0.0105106
0.00663559
0
0
