0.0106843
0.0106197
0.0111914
0.00967059
0.00920131
0.00933992
0.0095008
0.00976801
0.00948521
0.00982868
0.0100051
0.0107489
0.0112616
0.0107004
0.0110378
0.0107533
0.0104221
0.0107294
0.0101744
0.00994893
0.010018
0.0096383
0.0101365
0.0101972
0.0098966
0.0105936
0.0109688
0.0108162
0.0113278
0.0108736
0.0110305
0.0104705
0.0102774
0.011256
0.0109209
0.0100898
0.010318
0.0103842
0.0105384
0.0107405
0.0105101
0.0102612
0.0100764
0.0109882
0.0108658
0.0104755
0.0105941
0.0102807
0.00979194
0.00906882
0.0086257
0.00947798
0.00907105
0.00943567
0.00913451
0.00976355
0.009709
0.00965723
0.00967114
0.00940227
0.00864296
0.00905657
0.00941285
0.00907661
0.00931209
0.00994391
0.0108318
0.0108814
0.0105846
0.0102351
0.0106214
0.0101794
0.0103336
0.0105279
0.00986375
0.0103497
0.0107511
0.0102089
0.0101649
0.0100218
0.0103085
0.0104394
0.0103213
0.0107316
0.0108468
0.0113222
0.0107917
0.00977914
0.00958542
0.00952307
0.00945849
0.010146
0.0108168
0.0110339
0.011713
0.0121862
0.0108123
0.00675805
0
0
