0.0105178
0.010549
0.0105869
0.0102618
0.0108797
0.0109398
0.0111391
0.0110667
0.0102896
0.0109264
0.0108251
0.0117459
0.010794
0.0105384
0.0106375
0.00978582
0.00970566
0.00959822
0.0098554
0.0101443
0.00981755
0.00977023
0.0104883
0.0110255
0.0116201
0.0117514
0.0109732
0.011168
0.0112849
0.01267
0.012847
0.0129088
0.0127279
0.0114536
0.0109498
0.0105412
0.0110489
0.010711
0.0100898
0.0102317
0.00993835
0.0100285
0.0101794
0.00979083
0.00958208
0.0094546
0.00996952
0.00971846
0.00940004
0.00927423
0.00959655
0.0103158
0.010745
0.0110606
0.0101415
0.0100714
0.010117
0.00943678
0.00968562
0.01019
0.0105808
0.0100931
0.00980141
0.00944458
0.00906437
0.00912671
0.00963663
0.00949245
0.00963886
0.00957929
0.00916679
0.00902039
0.00962939
0.00992721
0.0106431
0.0102451
0.00996006
0.00975075
0.00958597
0.00950804
0.00916679
0.00951193
0.00963106
0.00949468
0.00886062
0.00859286
0.00932545
0.00955869
0.0101026
0.00975854
0.00967838
0.00973238
0.00987711
0.0103959
0.0101677
0.0106882
0.0110244
0.00697516
0
0
